Damper Lab
Wed 16 Sep 2015 - 14/30/29
Sample Frequency (S/s): 1000.0
Sample Seconds: 2.00

Scale:	0.49520	10.00000	1.00000
Offset:	-0.41250	-1.36500	0.00700
Force:	Displacement:	Velocity:
-0.06896	-10.76406	-0.92985
-0.06654	-10.86172	-0.90544
-0.06412	-10.91055	-0.87126
-0.06171	-10.95938	-0.83708
-0.05929	-11.00820	-0.81755
-0.05687	-11.05703	-0.80290
-0.05445	-11.10586	-0.79802
-0.05445	-11.15469	-0.79313
-0.05445	-11.20352	-0.78825
-0.05203	-11.25234	-0.78825
-0.05203	-11.30117	-0.79313
-0.05203	-11.35000	-0.79802
-0.05203	-11.39883	-0.80778
-0.05203	-11.44766	-0.81266
-0.05203	-11.49648	-0.81266
-0.04478	-11.54531	-0.78825
-0.03753	-11.59414	-0.74919
-0.02786	-11.59414	-0.69548
-0.02060	-11.69180	-0.63688
-0.01818	-11.69180	-0.58317
-0.01335	-11.74063	-0.53434
-0.01335	-11.78945	-0.50505
-0.01093	-11.78945	-0.49528
-0.00851	-11.83828	-0.48552
-0.00609	-11.88711	-0.46110
-0.00368	-11.88711	-0.43669
-0.00368	-11.88711	-0.42204
-0.00368	-11.93594	-0.42692
-0.00368	-11.98477	-0.43180
-0.00126	-11.98477	-0.42204
0.00358	-11.98477	-0.39762
0.00841	-12.08242	-0.36833
0.00841	-12.08242	-0.34880
0.01083	-12.08242	-0.32927
0.01083	-12.08242	-0.31462
0.01325	-12.08242	-0.29997
0.01567	-12.13125	-0.27555
0.01567	-12.18008	-0.25602
0.01809	-12.18008	-0.23649
0.01809	-12.18008	-0.22184
0.02292	-12.18008	-0.20231
0.02292	-12.18008	-0.18278
0.02534	-12.22891	-0.16325
0.02776	-12.22891	-0.14860
0.03018	-12.22891	-0.13884
0.03018	-12.22891	-0.12419
0.03018	-12.27773	-0.11442
0.03259	-12.22891	-0.09977
0.03501	-12.22891	-0.08512
0.03743	-12.27773	-0.07048
0.03985	-12.27773	-0.05583
0.03985	-12.27773	-0.04118
0.04227	-12.27773	-0.02653
0.04952	-12.27773	-0.00212
0.05677	-12.22891	0.02230
0.06403	-12.27773	0.04183
0.07370	-12.27773	0.05648
0.08095	-12.27773	0.07113
0.09063	-12.27773	0.10042
0.09788	-12.27773	0.12972
0.10513	-12.22891	0.15902
0.10997	-12.22891	0.17855
0.12689	-12.22891	0.18343
0.14624	-12.22891	0.17855
0.17042	-12.22891	0.16390
0.19218	-12.18008	0.16878
0.20669	-12.18008	0.17366
0.21152	-12.18008	0.19808
0.20669	-12.18008	0.24691
0.19943	-12.13125	0.29573
0.19460	-12.08242	0.33480
0.18976	-12.08242	0.35433
0.18734	-12.03359	0.36898
0.18734	-12.03359	0.38851
0.18976	-11.98477	0.41292
0.18976	-11.98477	0.43734
0.18976	-11.93594	0.45198
0.18734	-11.93594	0.46175
0.18493	-11.88711	0.47152
0.18734	-11.88711	0.48616
0.18976	-11.83828	0.51058
0.19218	-11.83828	0.53499
0.19460	-11.78945	0.54964
0.19460	-11.74063	0.54476
0.19460	-11.74063	0.53499
0.19702	-11.69180	0.53499
0.19702	-11.64297	0.54476
0.19702	-11.59414	0.56429
0.19943	-11.54531	0.58382
0.20185	-11.49648	0.60823
0.20185	-11.49648	0.64241
0.20427	-11.44766	0.68148
0.20669	-11.39883	0.71077
0.20911	-11.35000	0.74007
0.20911	-11.30117	0.75960
0.20911	-11.25234	0.77425
0.20911	-11.20352	0.77425
0.21152	-11.15469	0.77425
0.21394	-11.10586	0.78890
0.21394	-11.10586	0.80843
0.21636	-11.05703	0.82796
0.21636	-10.95938	0.83773
0.21878	-10.95938	0.84261
0.22120	-10.86172	0.85726
0.22120	-10.81289	0.88167
0.22361	-10.76406	0.90120
0.22361	-10.71523	0.91097
0.22361	-10.66641	0.91585
0.22361	-10.61758	0.92562
0.22603	-10.51992	0.95003
0.22845	-10.47109	0.97933
0.23087	-10.37344	1.00374
0.23087	-10.37344	1.01351
0.23087	-10.27578	1.01351
0.23329	-10.22695	1.01839
0.23570	-10.12930	1.03304
0.23570	-10.08047	1.04769
0.23570	-10.03164	1.06234
0.23570	-9.93398	1.07210
0.23812	-9.88516	1.08187
0.24054	-9.83633	1.10140
0.24054	-9.73867	1.13558
0.24296	-9.68984	1.16976
0.24296	-9.59219	1.18441
0.24538	-9.54336	1.19905
0.24538	-9.44570	1.20882
0.24538	-9.39688	1.22347
0.24779	-9.29922	1.22835
0.24779	-9.25039	1.22835
0.25021	-9.15273	1.22835
0.25021	-9.10391	1.23323
0.25021	-9.00625	1.24788
0.25263	-8.90859	1.27230
0.25505	-8.85977	1.29671
0.25505	-8.76211	1.30648
0.25505	-8.71328	1.31624
0.25505	-8.61563	1.32601
0.25747	-8.51797	1.34066
0.25988	-8.46914	1.35530
0.25988	-8.37148	1.37484
0.25988	-8.27383	1.37972
0.26230	-8.17617	1.37972
0.26230	-8.12734	1.38460
0.26230	-8.02969	1.39437
0.26472	-7.93203	1.41390
0.26472	-7.83437	1.42855
0.26714	-7.78555	1.43343
0.26714	-7.68789	1.43831
0.26714	-7.59023	1.45296
0.26956	-7.49258	1.48226
0.27197	-7.39492	1.50667
0.27197	-7.34609	1.52132
0.27197	-7.24844	1.52620
0.27197	-7.15078	1.53109
0.27197	-7.05312	1.54085
0.27439	-6.95547	1.56038
0.27439	-6.85781	1.57015
0.27681	-6.76016	1.56527
0.27681	-6.66250	1.55550
0.27681	-6.56484	1.56038
0.27923	-6.51602	1.58480
0.28165	-6.36953	1.61409
0.28165	-6.32070	1.62874
0.28165	-6.17422	1.62874
0.28165	-6.07656	1.62874
0.28165	-5.97891	1.63363
0.28406	-5.88125	1.65316
0.28406	-5.78359	1.66292
0.28648	-5.68594	1.67269
0.28648	-5.58828	1.66780
0.28648	-5.49062	1.66780
0.28648	-5.39297	1.67269
0.28890	-5.24648	1.68245
0.29132	-5.14883	1.69222
0.28890	-5.05117	1.70198
0.28890	-4.95352	1.70687
0.29132	-4.85586	1.71663
0.29132	-4.75820	1.72640
0.29373	-4.66055	1.74105
0.29373	-4.56289	1.75570
0.29373	-4.41641	1.76058
0.29373	-4.31875	1.76058
0.29373	-4.22109	1.76546
0.29615	-4.12344	1.78011
0.29615	-4.02578	1.79964
0.29615	-3.87930	1.81429
0.29857	-3.78164	1.80452
0.29857	-3.68398	1.78988
0.29857	-3.58633	1.78011
0.29857	-3.43984	1.79476
0.30099	-3.34219	1.81429
0.30099	-3.24453	1.82405
0.30099	-3.14687	1.82405
0.30099	-3.00039	1.81917
0.30099	-2.90273	1.82894
0.30341	-2.80508	1.84359
0.30341	-2.70742	1.84847
0.30341	-2.56094	1.83870
0.30099	-2.46328	1.82405
0.30341	-2.31680	1.81429
0.30582	-2.21914	1.82405
0.30582	-2.12148	1.84847
0.30582	-1.97500	1.86312
0.30341	-1.87734	1.86800
0.30582	-1.77969	1.86312
0.30582	-1.68203	1.87288
0.30824	-1.53555	1.89730
0.30824	-1.43789	1.90706
0.30824	-1.29141	1.89241
0.30582	-1.19375	1.86312
0.30582	-1.09609	1.84359
0.30582	-0.99844	1.83870
0.30824	-0.85195	1.84359
0.30824	-0.75430	1.85335
0.30824	-0.65664	1.86312
0.30824	-0.51016	1.87288
0.30824	-0.36367	1.88753
0.31066	-0.26602	1.91683
0.31308	-0.16836	1.93148
0.31308	-0.07070	1.93148
0.31308	0.07578	1.91195
0.31066	0.17344	1.88265
0.31066	0.27109	1.86312
0.31308	0.41758	1.85823
0.31308	0.51523	1.86312
0.31308	0.66172	1.86800
0.31308	0.75938	1.86312
0.31550	0.85703	1.85823
0.31550	0.95469	1.87288
0.31550	1.10117	1.89241
0.31791	1.19883	1.90706
0.31791	1.29648	1.89730
0.31550	1.39414	1.87777
0.31550	1.49180	1.86800
0.31550	1.63828	1.87288
0.31791	1.73594	1.87777
0.31791	1.83359	1.86800
0.31550	1.98008	1.86312
0.31550	2.07773	1.85335
0.31550	2.17539	1.85335
0.31791	2.32188	1.86312
0.31791	2.41953	1.87288
0.31550	2.51719	1.87777
0.31550	2.66367	1.86312
0.31308	2.76133	1.84847
0.31550	2.90781	1.84359
0.31550	3.00547	1.85335
0.31550	3.10313	1.85823
0.31550	3.20078	1.83870
0.31550	3.29844	1.81429
0.31550	3.39609	1.80452
0.31308	3.54258	1.81429
0.31550	3.64023	1.82894
0.31550	3.78672	1.83382
0.31308	3.83555	1.82405
0.31308	3.98203	1.80941
0.31308	4.12852	1.79476
0.31308	4.22617	1.78499
0.31308	4.27500	1.78011
0.31308	4.42148	1.77523
0.31066	4.51914	1.76058
0.31066	4.61680	1.74593
0.31066	4.76328	1.74593
0.31066	4.86094	1.76058
0.31066	4.95859	1.77523
0.31066	5.05625	1.77523
0.31066	5.20273	1.76546
0.30824	5.25156	1.75570
0.30824	5.39805	1.75081
0.30824	5.49570	1.74593
0.30824	5.59336	1.74105
0.30824	5.69102	1.71663
0.30582	5.78867	1.69222
0.30582	5.88633	1.66780
0.30582	6.03281	1.65316
0.30582	6.13047	1.65316
0.30582	6.22813	1.65804
0.30341	6.32578	1.65804
0.30341	6.42344	1.65316
0.30341	6.52109	1.64339
0.30341	6.61875	1.63851
0.30341	6.71641	1.64339
0.30099	6.81406	1.63363
0.30099	6.91172	1.61898
0.30099	7.00938	1.59456
0.29857	7.10703	1.57503
0.30099	7.20469	1.57015
0.30099	7.30234	1.56527
0.29857	7.40000	1.55062
0.29857	7.49766	1.53597
0.29615	7.59531	1.52132
0.29615	7.69297	1.51644
0.29615	7.79063	1.51155
0.29615	7.83945	1.50179
0.29373	7.93711	1.49202
0.29373	8.03477	1.47738
0.29373	8.13242	1.46761
0.29373	8.23008	1.46761
0.29132	8.27891	1.45784
0.29132	8.37656	1.44320
0.28890	8.47422	1.42366
0.29132	8.57187	1.40902
0.29132	8.66953	1.39925
0.28890	8.71836	1.39925
0.28648	8.81602	1.38460
0.28648	8.91367	1.36995
0.28648	9.01133	1.35042
0.28648	9.06016	1.34066
0.28648	9.15781	1.34554
0.28406	9.25547	1.34066
0.28406	9.30430	1.32113
0.28165	9.35312	1.28695
0.28165	9.45078	1.26741
0.28165	9.54844	1.26253
0.28165	9.59727	1.26253
0.28165	9.69492	1.25277
0.27923	9.74375	1.22835
0.27681	9.84141	1.19905
0.27681	9.93906	1.18441
0.27681	9.98789	1.18441
0.27681	10.03672	1.18929
0.27439	10.08555	1.17952
0.27439	10.18320	1.15023
0.27197	10.28086	1.11605
0.27197	10.32969	1.10628
0.27197	10.37852	1.10628
0.27197	10.47617	1.10628
0.26956	10.52500	1.08187
0.26956	10.57383	1.04769
0.26714	10.67148	1.01839
0.26714	10.72031	1.01839
0.26714	10.76914	1.02327
0.26714	10.81797	1.01839
0.26472	10.86680	0.99886
0.26230	10.96445	0.96956
0.25988	11.01328	0.95003
0.26230	11.06211	0.94515
0.26230	11.11094	0.94515
0.26230	11.15977	0.92562
0.25747	11.20859	0.89144
0.25505	11.25742	0.85237
0.25747	11.30625	0.83773
0.25988	11.40391	0.84749
0.25747	11.40391	0.85237
0.25505	11.50156	0.83284
0.25263	11.55039	0.79378
0.25263	11.55039	0.77425
0.25263	11.59922	0.76937
0.25505	11.64805	0.76937
0.25505	11.69687	0.74984
0.25263	11.74570	0.71077
0.25021	11.79453	0.67171
0.24779	11.84336	0.65218
0.25021	11.89219	0.64730
0.24779	11.94102	0.64730
0.24538	11.94102	0.63265
0.24054	11.98984	0.60823
0.23812	12.03867	0.58870
0.23812	12.08750	0.57894
0.24054	12.08750	0.57894
0.23812	12.13633	0.57894
0.23570	12.13633	0.55452
0.23329	12.18516	0.51546
0.23087	12.23398	0.48128
0.22845	12.23398	0.46663
0.22845	12.28281	0.46175
0.22845	12.33164	0.43734
0.22603	12.33164	0.40804
0.22361	12.38047	0.38363
0.22120	12.38047	0.37874
0.22120	12.42930	0.38363
0.22120	12.42930	0.37386
0.21878	12.47812	0.35433
0.21636	12.47812	0.32015
0.21394	12.47812	0.30062
0.21394	12.47812	0.28597
0.21394	12.52695	0.26644
0.21152	12.52695	0.23714
0.20669	12.52695	0.20784
0.20427	12.57578	0.19320
0.20427	12.57578	0.18831
0.20185	12.57578	0.18831
0.20185	12.57578	0.17366
0.19702	12.57578	0.14925
0.19218	12.62461	0.12972
0.18976	12.62461	0.11507
0.18493	12.62461	0.11507
0.18493	12.62461	0.10530
0.18009	12.62461	0.08089
0.17525	12.67344	0.04671
0.16800	12.62461	0.02230
0.16316	12.62461	0.00765
0.15591	12.62461	-0.00212
0.14866	12.67344	-0.01677
0.13898	12.62461	-0.03630
0.12448	12.62461	-0.05095
0.10755	12.62461	-0.06559
0.08821	12.62461	-0.07048
0.06886	12.62461	-0.08024
0.04952	12.62461	-0.09489
0.03259	12.57578	-0.11930
0.02050	12.57578	-0.13884
0.01083	12.57578	-0.16813
0.00600	12.57578	-0.20231
0.00358	12.57578	-0.23161
0.00116	12.52695	-0.26091
0.00116	12.52695	-0.28044
-0.00126	12.52695	-0.30973
-0.00126	12.47812	-0.33415
-0.00126	12.47812	-0.34880
0.00116	12.42930	-0.34880
-0.00126	12.42930	-0.35368
-0.00368	12.38047	-0.36833
-0.00851	12.38047	-0.39274
-0.01093	12.33164	-0.41227
-0.01093	12.33164	-0.42692
-0.01093	12.33164	-0.44157
-0.01335	12.28281	-0.46598
-0.01577	12.23398	-0.48552
-0.01818	12.18516	-0.50505
-0.02060	12.18516	-0.51970
-0.01818	12.13633	-0.52946
-0.02060	12.13633	-0.54411
-0.02544	12.08750	-0.56852
-0.02786	12.08750	-0.58805
-0.03027	12.03867	-0.60759
-0.03027	11.94102	-0.61247
-0.03269	11.94102	-0.62223
-0.03511	11.89219	-0.63688
-0.03753	11.84336	-0.65641
-0.03753	11.79453	-0.67595
-0.03994	11.74570	-0.68571
-0.04236	11.69687	-0.69059
-0.04478	11.69687	-0.70524
-0.04720	11.64805	-0.72477
-0.04720	11.59922	-0.74919
-0.04962	11.55039	-0.76384
-0.04962	11.50156	-0.76872
-0.05203	11.45273	-0.77360
-0.05203	11.40391	-0.78825
-0.05203	11.35508	-0.79802
-0.05445	11.30625	-0.79802
-0.05445	11.25742	-0.79802
-0.05445	11.20859	-0.80290
-0.05687	11.15977	-0.81755
-0.06171	11.11094	-0.84684
-0.06654	11.06211	-0.88591
-0.07380	11.01328	-0.92497
-0.08105	10.96445	-0.94938
-0.08347	10.91562	-0.97380
-0.08589	10.81797	-0.98845
-0.08589	10.76914	-1.01286
-0.08589	10.72031	-1.02751
-0.08830	10.62266	-1.03727
-0.09072	10.57383	-1.05192
-0.09556	10.52500	-1.06657
-0.09556	10.47617	-1.08610
-0.10039	10.37852	-1.10075
-0.10523	10.32969	-1.11540
-0.11007	10.23203	-1.13005
-0.11248	10.18320	-1.13493
-0.11490	10.13437	-1.14470
-0.11732	10.03672	-1.15934
-0.11974	9.98789	-1.17399
-0.12216	9.89023	-1.19352
-0.12457	9.84141	-1.19841
-0.12457	9.74375	-1.20817
-0.12699	9.69492	-1.22282
-0.12941	9.59727	-1.25700
-0.13425	9.54844	-1.29118
-0.13666	9.45078	-1.30583
-0.13908	9.40195	-1.31071
-0.14150	9.30430	-1.31071
-0.14634	9.20664	-1.32048
-0.14875	9.15781	-1.33024
-0.15359	9.06016	-1.34001
-0.15601	8.96250	-1.34001
-0.15601	8.91367	-1.34001
-0.15843	8.81602	-1.34977
-0.16084	8.71836	-1.36930
-0.16326	8.62070	-1.39860
-0.16568	8.52305	-1.41813
-0.16810	8.47422	-1.42790
-0.16810	8.37656	-1.43278
-0.17293	8.27891	-1.44743
-0.17535	8.18125	-1.47184
-0.18019	8.13242	-1.49137
-0.18019	8.03477	-1.49626
-0.18261	7.93711	-1.49137
-0.18502	7.83945	-1.48161
-0.18744	7.74180	-1.48649
-0.19228	7.69297	-1.50114
-0.19469	7.59531	-1.51091
-0.19469	7.49766	-1.51579
-0.19711	7.40000	-1.52067
-0.19953	7.30234	-1.54020
-0.20195	7.20469	-1.56950
-0.20195	7.10703	-1.59880
-0.20437	7.00938	-1.61345
-0.20437	6.91172	-1.61833
-0.20437	6.81406	-1.62321
-0.20678	6.71641	-1.63298
-0.21162	6.61875	-1.64762
-0.21404	6.52109	-1.64274
-0.21646	6.42344	-1.62809
-0.21887	6.32578	-1.61833
-0.22129	6.22813	-1.62321
-0.22371	6.13047	-1.64274
-0.22613	5.98398	-1.66227
-0.22613	5.93516	-1.67692
-0.22613	5.78867	-1.68180
-0.22613	5.69102	-1.69645
-0.22855	5.59336	-1.72087
-0.23096	5.49570	-1.74040
-0.23096	5.39805	-1.75016
-0.23580	5.30039	-1.74528
-0.23822	5.15391	-1.73063
-0.24064	5.10508	-1.71598
-0.24064	4.95859	-1.71110
-0.24547	4.86094	-1.73063
-0.24789	4.76328	-1.75505
-0.24789	4.66563	-1.76970
-0.24789	4.51914	-1.76970
-0.24789	4.42148	-1.77458
-0.25031	4.32383	-1.79411
-0.25273	4.22617	-1.81852
-0.25273	4.07969	-1.81852
-0.25273	4.03086	-1.80387
-0.25273	3.88438	-1.78923
-0.25756	3.78672	-1.78923
-0.25998	3.68906	-1.79899
-0.26240	3.59141	-1.80387
-0.26240	3.44492	-1.80387
-0.26482	3.29844	-1.81364
-0.26482	3.20078	-1.82341
-0.26723	3.10313	-1.84294
-0.26723	3.00547	-1.86247
-0.26965	2.85898	-1.87712
-0.26965	2.76133	-1.87712
-0.26965	2.66367	-1.86735
-0.26965	2.56602	-1.84782
-0.26965	2.46836	-1.83805
-0.27207	2.32188	-1.84294
-0.27449	2.22422	-1.84782
-0.27449	2.07773	-1.84294
-0.27449	1.98008	-1.83317
-0.27449	1.88242	-1.84294
-0.27691	1.78477	-1.86247
-0.27691	1.63828	-1.87712
-0.27932	1.54063	-1.88200
-0.27691	1.44297	-1.87712
-0.27691	1.29648	-1.88200
-0.27691	1.19883	-1.89177
-0.27932	1.10117	-1.90153
-0.27932	1.00352	-1.90153
-0.27932	0.85703	-1.88688
-0.27932	0.75938	-1.87223
-0.27932	0.66172	-1.86735
-0.27932	0.56406	-1.86735
-0.28174	0.41758	-1.86735
-0.28174	0.31992	-1.87712
-0.28174	0.17344	-1.88200
-0.28174	0.07578	-1.88688
-0.27932	-0.02187	-1.89177
-0.27932	-0.16836	-1.90153
-0.28174	-0.26602	-1.90641
-0.28174	-0.36367	-1.90641
-0.28174	-0.46133	-1.89665
-0.27932	-0.60781	-1.88200
-0.27932	-0.70547	-1.87223
-0.27932	-0.80312	-1.86735
-0.28174	-0.94961	-1.85759
-0.27932	-1.04727	-1.84294
-0.27691	-1.19375	-1.83317
-0.27932	-1.29141	-1.83805
-0.27691	-1.38906	-1.84782
-0.27691	-1.48672	-1.86247
-0.27691	-1.63320	-1.86247
-0.27691	-1.73086	-1.86735
-0.27691	-1.87734	-1.87223
-0.27449	-1.97500	-1.87223
-0.27207	-2.07266	-1.86735
-0.27207	-2.17031	-1.85759
-0.27207	-2.31680	-1.84782
-0.27207	-2.41445	-1.83805
-0.26965	-2.51211	-1.82341
-0.26723	-2.65859	-1.81364
-0.26723	-2.75625	-1.80876
-0.26723	-2.85391	-1.81364
-0.26723	-2.95156	-1.81852
-0.26482	-3.09805	-1.82341
-0.26240	-3.19570	-1.82341
-0.26240	-3.29336	-1.82829
-0.25998	-3.43984	-1.83317
-0.25998	-3.53750	-1.83317
-0.25756	-3.63516	-1.82341
-0.25756	-3.73281	-1.81364
-0.25514	-3.83047	-1.79899
-0.25273	-3.92812	-1.78434
-0.25273	-4.07461	-1.76481
-0.25273	-4.17227	-1.75016
-0.25273	-4.26992	-1.73552
-0.24789	-4.36758	-1.73063
-0.24547	-4.46523	-1.72575
-0.24547	-4.61172	-1.73063
-0.24305	-4.70937	-1.74040
-0.24305	-4.80703	-1.73552
-0.24064	-4.90469	-1.73063
-0.23822	-5.00234	-1.72575
-0.23580	-5.14883	-1.72575
-0.23580	-5.19766	-1.72575
-0.23338	-5.34414	-1.72087
-0.23338	-5.44180	-1.70622
-0.22855	-5.53945	-1.68180
-0.22613	-5.63711	-1.66716
-0.22371	-5.73477	-1.66227
-0.22371	-5.83242	-1.65739
-0.22371	-5.93008	-1.65251
-0.22129	-6.07656	-1.64274
-0.21887	-6.12539	-1.62321
-0.21646	-6.27187	-1.61833
-0.21404	-6.32070	-1.62321
-0.21162	-6.41836	-1.62809
-0.20920	-6.51602	-1.62809
-0.20678	-6.61367	-1.60856
-0.20437	-6.71133	-1.59391
-0.20195	-6.80898	-1.58415
-0.19953	-6.90664	-1.57927
-0.19953	-7.00430	-1.56950
-0.19469	-7.10195	-1.54020
-0.19469	-7.19961	-1.51091
-0.18986	-7.29727	-1.49137
-0.18986	-7.39492	-1.48649
-0.18744	-7.44375	-1.48649
-0.18744	-7.54141	-1.49137
-0.18261	-7.63906	-1.48649
-0.18019	-7.73672	-1.47673
-0.17777	-7.83437	-1.46208
-0.17535	-7.93203	-1.45720
-0.17535	-8.02969	-1.45720
-0.17052	-8.07852	-1.44743
-0.17052	-8.17617	-1.42790
-0.16568	-8.27383	-1.39860
-0.16084	-8.32266	-1.37907
-0.16084	-8.42031	-1.37419
-0.15843	-8.51797	-1.36442
-0.15601	-8.61563	-1.34489
-0.15117	-8.66445	-1.32536
-0.14875	-8.76211	-1.31071
-0.14634	-8.85977	-1.31071
-0.14392	-8.95742	-1.31071
-0.14150	-9.00625	-1.30095
-0.13908	-9.05508	-1.28630
-0.13425	-9.15273	-1.27165
-0.13425	-9.25039	-1.26188
-0.13425	-9.29922	-1.26188
-0.13183	-9.39688	-1.25700
-0.12699	-9.44570	-1.24235
-0.12216	-9.54336	-1.20817
-0.11732	-9.59219	-1.17399
-0.11490	-9.68984	-1.14470
-0.11248	-9.73867	-1.12516
-0.10765	-9.78750	-1.10563
-0.10523	-9.88516	-1.08122
-0.10281	-9.98281	-1.06657
-0.10039	-10.03164	-1.06657
-0.10039	-10.08047	-1.07634
-0.09798	-10.12930	-1.08122
-0.09314	-10.22695	-1.07145
-0.08830	-10.27578	-1.05680
-0.08589	-10.32461	-1.04704
-0.08347	-10.37344	-1.03727
-0.08105	-10.47109	-1.02751
-0.08105	-10.51992	-1.00798
-0.07621	-10.56875	-0.97380
-0.07380	-10.61758	-0.93473
-0.06896	-10.71523	-0.89567
-0.06654	-10.76406	-0.87614
-0.06654	-10.81289	-0.86149
-0.06412	-10.86172	-0.85661
-0.05929	-10.91055	-0.84684
-0.05929	-11.00820	-0.83708
-0.05687	-11.05703	-0.83220
-0.05687	-11.05703	-0.83220
-0.05445	-11.10586	-0.83708
-0.05445	-11.20352	-0.84196
-0.05445	-11.25234	-0.83708
-0.05445	-11.30117	-0.83220
-0.05203	-11.30117	-0.82731
-0.05203	-11.39883	-0.83220
-0.05203	-11.39883	-0.82731
-0.04962	-11.44766	-0.80290
-0.04720	-11.49648	-0.77360
-0.04236	-11.54531	-0.73454
-0.03753	-11.59414	-0.69059
-0.02786	-11.64297	-0.63200
-0.01818	-11.69180	-0.56364
-0.01093	-11.69180	-0.51481
-0.00851	-11.78945	-0.49040
-0.01093	-11.78945	-0.49528
-0.01093	-11.83828	-0.50016
-0.00609	-11.83828	-0.49528
-0.00126	-11.88711	-0.47575
-0.00126	-11.88711	-0.46110
-0.00126	-11.93594	-0.45622
-0.00126	-11.93594	-0.46598
0.00116	-11.98477	-0.46110
0.00358	-11.98477	-0.43180
0.00600	-12.03359	-0.39274
0.00841	-12.03359	-0.36345
0.00841	-12.08242	-0.34391
0.01083	-12.08242	-0.32927
0.01083	-12.13125	-0.29997
0.01325	-12.13125	-0.26579
0.01567	-12.13125	-0.24137
0.01809	-12.13125	-0.23161
0.02050	-12.18008	-0.22673
0.02050	-12.18008	-0.21696
0.02050	-12.18008	-0.19743
0.02292	-12.18008	-0.16813
0.02776	-12.22891	-0.14372
0.02776	-12.22891	-0.13395
0.02776	-12.22891	-0.13884
0.02776	-12.22891	-0.13884
0.03018	-12.27773	-0.11930
0.03501	-12.27773	-0.08512
0.03743	-12.27773	-0.05583
0.03985	-12.22891	-0.04606
0.03985	-12.22891	-0.03630
0.04227	-12.27773	-0.01677
0.04710	-12.27773	0.02230
0.05436	-12.27773	0.04671
0.06403	-12.22891	0.05159
0.07128	-12.27773	0.05159
0.07854	-12.27773	0.06136
0.08821	-12.27773	0.09066
0.09546	-12.22891	0.12484
0.10272	-12.22891	0.15413
0.10755	-12.22891	0.16878
0.12206	-12.22891	0.16878
0.13898	-12.22891	0.15902
0.16316	-12.18008	0.14437
0.18734	-12.18008	0.14437
0.20185	-12.18008	0.15413
0.20911	-12.18008	0.17855
0.20669	-12.13125	0.21761
0.20185	-12.13125	0.26644
0.19460	-12.13125	0.31527
0.18976	-12.08242	0.34945
0.18734	-12.08242	0.36409
0.18493	-12.03359	0.38363
0.18734	-11.98477	0.40804
0.18734	-11.98477	0.43245
0.18493	-11.98477	0.45198
0.18493	-11.93594	0.45687
0.18493	-11.88711	0.46663
0.18493	-11.88711	0.48616
0.18734	-11.83828	0.51546
0.18976	-11.78945	0.53499
0.19218	-11.78945	0.54964
0.19460	-11.74063	0.54964
0.19460	-11.74063	0.55452
0.19218	-11.69180	0.54964
0.19218	-11.64297	0.54964
0.19460	-11.59414	0.55941
0.19702	-11.59414	0.57894
0.19702	-11.54531	0.60335
0.19943	-11.49648	0.63753
0.20185	-11.44766	0.66683
0.20427	-11.39883	0.68636
0.20427	-11.39883	0.69612
0.20669	-11.35000	0.70589
0.20669	-11.30117	0.72054
0.20669	-11.25234	0.74007
0.20669	-11.20352	0.75960
0.20911	-11.15469	0.77913
0.21152	-11.10586	0.79866
0.21394	-11.05703	0.81820
0.21636	-11.00820	0.83773
0.21636	-10.95938	0.85237
0.21636	-10.91055	0.86702
0.21878	-10.86172	0.88167
0.21878	-10.76406	0.89144
0.22120	-10.71523	0.89632
0.21878	-10.71523	0.90120
0.22120	-10.61758	0.92073
0.22361	-10.56875	0.94027
0.22603	-10.51992	0.96468
0.22845	-10.42227	0.97445
0.22845	-10.37344	0.98909
0.22845	-10.27578	1.00374
0.23087	-10.22695	1.02816
0.23087	-10.17813	1.04769
0.23087	-10.12930	1.06234
0.23087	-10.03164	1.07210
0.23329	-9.98281	1.08187
0.23570	-9.93398	1.09163
0.23570	-9.83633	1.10140
0.23812	-9.78750	1.12093
0.24054	-9.68984	1.13558
0.24054	-9.64102	1.14046
0.24054	-9.59219	1.14534
0.24054	-9.49453	1.15511
0.24296	-9.39688	1.16488
0.24296	-9.34805	1.18441
0.24296	-9.25039	1.19905
0.24538	-9.20156	1.21859
0.24538	-9.15273	1.24300
0.24779	-9.05508	1.26741
0.25021	-8.95742	1.28695
0.25021	-8.90859	1.30159
0.25263	-8.81094	1.31136
0.25263	-8.71328	1.32113
0.25263	-8.66445	1.32113
0.25263	-8.56680	1.32113
0.25263	-8.51797	1.33089
0.25505	-8.42031	1.34554
0.25747	-8.32266	1.36507
0.25988	-8.22500	1.37972
0.25988	-8.17617	1.39437
0.25988	-8.07852	1.41390
0.25988	-7.98086	1.43343
0.26230	-7.88320	1.45296
0.26230	-7.83437	1.45784
0.26230	-7.73672	1.45784
0.26230	-7.63906	1.46273
0.26472	-7.54141	1.47249
0.26714	-7.44375	1.48714
0.26956	-7.34609	1.49202
0.26714	-7.29727	1.49202
0.26714	-7.15078	1.48714
0.26956	-7.10195	1.49202
0.26956	-7.00430	1.50667
0.27197	-6.90664	1.52620
0.27197	-6.80898	1.54573
0.27197	-6.71133	1.55550
0.27439	-6.61367	1.57503
0.27681	-6.51602	1.59456
0.27439	-6.41836	1.61409
0.27681	-6.36953	1.62874
0.27681	-6.22305	1.63363
0.27923	-6.17422	1.62874
0.27681	-6.07656	1.62874
0.27681	-5.97891	1.63363
0.27923	-5.83242	1.64339
0.28165	-5.73477	1.64339
0.28165	-5.63711	1.64339
0.28165	-5.53945	1.64827
0.28165	-5.44180	1.65804
0.28406	-5.29531	1.67757
0.28648	-5.24648	1.70198
0.28648	-5.14883	1.72152
0.28648	-5.05117	1.73128
0.28648	-4.90469	1.73128
0.28648	-4.80703	1.73616
0.28890	-4.70937	1.74593
0.28890	-4.61172	1.75570
0.28890	-4.51406	1.75081
0.29132	-4.41641	1.73616
0.29132	-4.31875	1.71663
0.29132	-4.17227	1.71663
0.29132	-4.07461	1.74105
0.29373	-3.92812	1.77034
0.29373	-3.83047	1.79476
0.29373	-3.73281	1.80452
0.29373	-3.63516	1.81429
0.29615	-3.53750	1.82405
0.29615	-3.39102	1.83382
0.29857	-3.34219	1.82894
0.29615	-3.19570	1.81917
0.29615	-3.09805	1.80452
0.29615	-2.95156	1.79964
0.29857	-2.85391	1.80941
0.29857	-2.75625	1.83382
0.30099	-2.65859	1.85823
0.29857	-2.51211	1.85823
0.29857	-2.41445	1.84359
0.30099	-2.31680	1.84359
0.30341	-2.17031	1.85823
0.30341	-2.07266	1.87777
0.30341	-1.92617	1.87777
0.30341	-1.82852	1.85823
0.30341	-1.73086	1.83870
0.30341	-1.63320	1.84847
0.30341	-1.48672	1.86800
0.30341	-1.38906	1.89241
0.30341	-1.29141	1.89241
0.30341	-1.14492	1.88753
0.30341	-1.04727	1.88265
0.30582	-0.90078	1.88265
0.30824	-0.80312	1.89241
0.30824	-0.70547	1.89730
0.30824	-0.60781	1.89241
0.30582	-0.46133	1.87288
0.30582	-0.31484	1.86312
0.30824	-0.26602	1.86800
0.30824	-0.11953	1.88265
0.30824	-0.02187	1.89730
0.30824	0.12461	1.89730
0.31066	0.22227	1.88265
0.31066	0.31992	1.89241
0.31308	0.46641	1.91683
0.31308	0.56406	1.93636
0.31308	0.66172	1.93148
0.31308	0.80820	1.90218
0.31308	0.90586	1.88753
0.31308	1.05234	1.88753
0.31550	1.15000	1.89730
0.31550	1.24766	1.89730
0.31550	1.34531	1.88265
0.31308	1.44297	1.87288
0.31550	1.58945	1.87777
0.31550	1.68711	1.89241
0.31550	1.78477	1.90218
0.31550	1.93125	1.89730
0.31308	2.02891	1.87777
0.31308	2.12656	1.85823
0.31308	2.22422	1.85335
0.31550	2.37070	1.86312
0.31550	2.46836	1.86800
0.31308	2.56602	1.85823
0.31308	2.71250	1.83870
0.31308	2.81016	1.83382
0.31308	2.95664	1.84359
0.31308	3.05430	1.85823
0.31308	3.15195	1.85823
0.31308	3.24961	1.84359
0.31308	3.34727	1.82894
0.31066	3.49375	1.82405
0.31066	3.59141	1.82894
0.31308	3.68906	1.82894
0.31066	3.83555	1.81917
0.30824	3.93320	1.79964
0.30824	4.03086	1.78988
0.30824	4.17734	1.78011
0.31066	4.22617	1.78499
0.31066	4.37266	1.79476
0.30824	4.47031	1.79476
0.30824	4.56797	1.78499
0.30824	4.71445	1.76546
0.30824	4.76328	1.75570
0.30824	4.90977	1.75081
0.30582	5.00742	1.74105
0.30582	5.10508	1.72640
0.30582	5.25156	1.70687
0.30582	5.30039	1.70198
0.30582	5.44688	1.70687
0.30582	5.54453	1.71663
0.30582	5.64219	1.71175
0.30341	5.73984	1.69710
0.30341	5.83750	1.67269
0.30341	5.93516	1.66292
0.30341	6.08164	1.66780
0.30341	6.13047	1.67269
0.30099	6.27695	1.66780
0.30099	6.32578	1.65804
0.29857	6.47227	1.64827
0.30099	6.56992	1.64339
0.30099	6.66758	1.64827
0.30099	6.76523	1.64339
0.29857	6.86289	1.62386
0.29615	6.96055	1.59456
0.29857	7.05820	1.57991
0.29615	7.15586	1.57503
0.29615	7.25352	1.57991
0.29615	7.35117	1.56527
0.29615	7.44883	1.54573
0.29615	7.54648	1.52620
0.29615	7.59531	1.53109
0.29373	7.74180	1.53597
0.29373	7.79063	1.53597
0.29373	7.88828	1.51155
0.29132	7.98594	1.48226
0.28890	8.08359	1.45296
0.28890	8.18125	1.43831
0.29132	8.27891	1.43343
0.28890	8.32773	1.43831
0.28890	8.42539	1.43343
0.28648	8.52305	1.42366
0.28648	8.62070	1.40902
0.28648	8.66953	1.39925
0.28648	8.76719	1.38948
0.28406	8.86484	1.37972
0.28406	8.96250	1.35530
0.28406	9.01133	1.33089
0.28165	9.10898	1.32113
0.28165	9.15781	1.31624
0.28165	9.25547	1.32113
0.28165	9.35312	1.31136
0.28165	9.40195	1.30159
0.27923	9.49961	1.28695
0.27923	9.54844	1.27718
0.27923	9.64609	1.26253
0.27923	9.69492	1.24300
0.27681	9.79258	1.21859
0.27439	9.84141	1.19417
0.27439	9.93906	1.18441
0.27439	9.98789	1.17952
0.27439	10.08555	1.17952
0.27197	10.13437	1.16488
0.27197	10.18320	1.14534
0.26956	10.28086	1.12093
0.26956	10.32969	1.10628
0.26956	10.42734	1.09163
0.26714	10.47617	1.07698
0.26714	10.52500	1.05257
0.26472	10.62266	1.03304
0.26472	10.67148	1.02816
0.26472	10.72031	1.02327
0.26472	10.81797	1.01839
0.26230	10.86680	1.00374
0.26230	10.91562	0.98421
0.25988	10.96445	0.96468
0.25988	11.01328	0.95003
0.25747	11.11094	0.94027
0.25747	11.15977	0.93050
0.25747	11.15977	0.90609
0.25505	11.25742	0.88655
0.25505	11.30625	0.87191
0.25505	11.35508	0.85726
0.25505	11.40391	0.84749
0.25263	11.45273	0.83284
0.25021	11.50156	0.81331
0.24779	11.55039	0.78890
0.24779	11.59922	0.77425
0.24779	11.64805	0.75960
0.24779	11.69687	0.74007
0.24538	11.69687	0.72542
0.24538	11.79453	0.70589
0.24296	11.79453	0.68636
0.24296	11.84336	0.67659
0.24054	11.89219	0.66195
0.24054	11.94102	0.64241
0.23812	11.98984	0.62288
0.23570	12.03867	0.59359
0.23570	12.03867	0.57894
0.23329	12.08750	0.56917
0.23329	12.13633	0.55941
0.23329	12.13633	0.54476
0.23087	12.13633	0.52034
0.22845	12.18516	0.49593
0.22845	12.23398	0.48128
0.22845	12.28281	0.47640
0.22603	12.28281	0.46663
0.22361	12.28281	0.43734
0.22120	12.33164	0.40316
0.22120	12.38047	0.38363
0.22120	12.38047	0.37874
0.22120	12.38047	0.37874
0.21878	12.42930	0.36409
0.21636	12.47812	0.32991
0.21394	12.47812	0.30062
0.21152	12.47812	0.29085
0.21152	12.47812	0.29085
0.20911	12.52695	0.28109
0.20911	12.52695	0.25179
0.20427	12.52695	0.22249
0.20185	12.57578	0.20296
0.19943	12.57578	0.19320
0.19943	12.57578	0.18343
0.19702	12.57578	0.16390
0.19218	12.57578	0.13460
0.18734	12.57578	0.10530
0.18734	12.62461	0.09066
0.18251	12.62461	0.08577
0.18009	12.62461	0.08089
0.17525	12.62461	0.06136
0.17042	12.62461	0.03695
0.16558	12.62461	0.01741
0.16075	12.62461	0.00765
0.15591	12.62461	0.00277
0.14866	12.62461	-0.01188
0.13657	12.62461	-0.04118
0.12206	12.62461	-0.07048
0.10272	12.62461	-0.08024
0.08337	12.62461	-0.07536
0.06403	12.62461	-0.08024
0.04710	12.62461	-0.09489
0.03018	12.62461	-0.12419
0.01567	12.57578	-0.15348
0.00841	12.57578	-0.17790
0.00358	12.57578	-0.19255
0.00116	12.52695	-0.22184
-0.00126	12.52695	-0.26091
-0.00126	12.52695	-0.29997
-0.00126	12.47812	-0.32927
-0.00126	12.47812	-0.33903
0.00116	12.47812	-0.33903
-0.00126	12.42930	-0.34391
-0.00368	12.42930	-0.36345
-0.00609	12.42930	-0.39274
-0.00851	12.38047	-0.40739
-0.01093	12.33164	-0.42204
-0.01093	12.33164	-0.43180
-0.01335	12.28281	-0.45622
-0.01577	12.28281	-0.48063
-0.01818	12.23398	-0.50016
-0.01818	12.18516	-0.50993
-0.02060	12.18516	-0.52458
-0.02060	12.13633	-0.53923
-0.02302	12.08750	-0.56364
-0.02544	12.08750	-0.58317
-0.02786	12.03867	-0.59782
-0.03027	12.03867	-0.60270
-0.03269	11.94102	-0.61247
-0.03511	11.94102	-0.63688
-0.03753	11.84336	-0.65641
-0.03753	11.84336	-0.66618
-0.03994	11.79453	-0.67595
-0.03994	11.74570	-0.68571
-0.04236	11.69687	-0.70036
-0.04478	11.64805	-0.71989
-0.04720	11.64805	-0.73454
-0.04720	11.55039	-0.74919
-0.04962	11.55039	-0.76384
-0.05203	11.45273	-0.77360
-0.05203	11.45273	-0.77848
-0.04962	11.40391	-0.77848
-0.05203	11.35508	-0.77848
-0.05203	11.30625	-0.78337
-0.05445	11.25742	-0.78337
-0.05687	11.20859	-0.78825
-0.05929	11.15977	-0.80778
-0.06654	11.11094	-0.84684
-0.07380	11.06211	-0.89567
-0.07863	11.01328	-0.93962
-0.08105	10.96445	-0.97380
-0.08347	10.86680	-0.99333
-0.08589	10.81797	-1.01286
-0.08830	10.72031	-1.02751
-0.09314	10.67148	-1.04704
-0.09556	10.62266	-1.05680
-0.09798	10.57383	-1.07145
-0.09798	10.47617	-1.07634
-0.10039	10.47617	-1.08122
-0.10523	10.37852	-1.09587
-0.10765	10.28086	-1.11052
-0.11248	10.23203	-1.12028
-0.11248	10.18320	-1.13005
-0.11490	10.08555	-1.14470
-0.11732	10.03672	-1.16911
-0.12216	9.93906	-1.19352
-0.12457	9.89023	-1.20817
-0.12457	9.79258	-1.21305
-0.12457	9.74375	-1.21794
-0.12941	9.64609	-1.23259
-0.13425	9.54844	-1.26188
-0.13908	9.49961	-1.27653
-0.13908	9.45078	-1.28630
-0.14150	9.35312	-1.28630
-0.14392	9.25547	-1.29118
-0.14634	9.20664	-1.30095
-0.14875	9.10898	-1.31559
-0.14875	9.06016	-1.33024
-0.15117	8.96250	-1.34001
-0.15359	8.86484	-1.35466
-0.15601	8.81602	-1.37419
-0.16084	8.71836	-1.39372
-0.16326	8.62070	-1.41813
-0.16810	8.52305	-1.42790
-0.17052	8.47422	-1.42790
-0.17293	8.37656	-1.42302
-0.17535	8.27891	-1.42790
-0.17777	8.18125	-1.45231
-0.18261	8.08359	-1.47184
-0.18502	8.03477	-1.48649
-0.18502	7.88828	-1.50114
-0.18502	7.83945	-1.51579
-0.18986	7.74180	-1.53532
-0.19228	7.64414	-1.54997
-0.19469	7.54648	-1.54997
-0.19469	7.44883	-1.54020
-0.19711	7.35117	-1.53532
-0.19953	7.25352	-1.54020
-0.20195	7.20469	-1.55485
-0.20437	7.10703	-1.57438
-0.20678	6.96055	-1.58415
-0.20678	6.86289	-1.59391
-0.20678	6.81406	-1.60368
-0.20920	6.66758	-1.62321
-0.21404	6.56992	-1.64762
-0.21646	6.47227	-1.66227
-0.21646	6.37461	-1.66227
-0.21887	6.32578	-1.66227
-0.21887	6.17930	-1.66716
-0.22129	6.08164	-1.68180
-0.22855	5.98398	-1.69645
-0.22855	5.88633	-1.69645
-0.23096	5.78867	-1.69157
-0.23096	5.69102	-1.69157
-0.23338	5.59336	-1.70134
-0.23580	5.44688	-1.72087
-0.24064	5.39805	-1.73552
-0.23822	5.25156	-1.73552
-0.23822	5.15391	-1.73063
-0.24305	5.05625	-1.73552
-0.24547	4.90977	-1.75016
-0.24789	4.81211	-1.76481
-0.24547	4.71445	-1.76481
-0.24547	4.61680	-1.75993
-0.24789	4.51914	-1.75016
-0.25031	4.42148	-1.75993
-0.25273	4.27500	-1.77458
-0.25514	4.17734	-1.78923
-0.25756	4.07969	-1.79899
-0.25998	3.98203	-1.79899
-0.25998	3.83555	-1.80876
-0.25998	3.73789	-1.81852
-0.26240	3.64023	-1.83805
-0.26240	3.49375	-1.84782
-0.26482	3.39609	-1.84782
-0.26482	3.29844	-1.83805
-0.26482	3.15195	-1.83317
-0.26723	3.05430	-1.83317
-0.26965	2.95664	-1.84782
-0.26965	2.85898	-1.85270
-0.27207	2.71250	-1.84782
-0.27207	2.61484	-1.84294
-0.27207	2.51719	-1.84782
-0.27449	2.41953	-1.86735
-0.27449	2.27305	-1.88688
-0.27691	2.17539	-1.88688
-0.27691	2.02891	-1.88200
-0.27691	1.93125	-1.87712
-0.27691	1.83359	-1.88200
-0.27932	1.73594	-1.88200
-0.27932	1.63828	-1.88200
-0.27932	1.49180	-1.87223
-0.27932	1.39414	-1.86735
-0.27932	1.29648	-1.86735
-0.27932	1.15000	-1.87223
-0.28174	1.05234	-1.88688
-0.28174	0.95469	-1.89665
-0.28174	0.85703	-1.89177
-0.28174	0.71055	-1.87712
-0.28174	0.61289	-1.87712
-0.28416	0.46641	-1.88688
-0.28658	0.36875	-1.90641
-0.28658	0.27109	-1.91130
-0.28416	0.12461	-1.89177
-0.28174	0.02695	-1.87223
-0.28416	-0.07070	-1.86735
-0.28416	-0.16836	-1.87712
-0.28416	-0.31484	-1.88688
-0.28416	-0.41250	-1.88688
-0.28174	-0.51016	-1.88688
-0.28416	-0.65664	-1.89177
-0.28174	-0.75430	-1.90153
-0.28174	-0.90078	-1.90641
-0.28174	-0.99844	-1.90641
-0.28174	-1.09609	-1.89665
-0.28174	-1.19375	-1.88200
-0.27932	-1.34023	-1.87223
-0.28174	-1.43789	-1.87223
-0.28174	-1.58437	-1.87223
-0.28174	-1.68203	-1.87223
-0.27932	-1.77969	-1.86247
-0.27932	-1.92617	-1.85270
-0.27449	-2.02383	-1.83805
-0.27449	-2.12148	-1.84294
-0.27449	-2.21914	-1.85270
-0.27449	-2.36562	-1.86247
-0.27207	-2.51211	-1.86735
-0.27207	-2.60977	-1.86247
-0.26965	-2.70742	-1.86247
-0.26965	-2.80508	-1.85270
-0.27207	-2.90273	-1.83805
-0.27207	-3.04922	-1.82341
-0.26723	-3.14687	-1.80876
-0.26482	-3.24453	-1.79899
-0.26240	-3.34219	-1.79899
-0.26482	-3.48867	-1.80876
-0.26482	-3.58633	-1.80876
-0.25998	-3.68398	-1.80387
-0.25514	-3.83047	-1.79411
-0.25514	-3.92812	-1.79899
-0.25514	-4.02578	-1.80876
-0.25514	-4.12344	-1.81364
-0.25273	-4.22109	-1.80387
-0.25031	-4.31875	-1.77946
-0.25031	-4.46523	-1.76481
-0.25031	-4.56289	-1.75505
-0.24789	-4.66055	-1.74528
-0.24547	-4.80703	-1.73552
-0.24305	-4.90469	-1.72087
-0.24064	-5.00234	-1.70622
-0.23822	-5.10000	-1.70622
-0.23580	-5.19766	-1.70622
-0.23580	-5.29531	-1.70622
-0.23338	-5.39297	-1.70622
-0.23096	-5.53945	-1.70622
-0.22613	-5.58828	-1.69645
-0.22613	-5.68594	-1.69645
-0.22613	-5.83242	-1.70134
-0.22371	-5.93008	-1.69645
-0.22129	-5.97891	-1.68180
-0.21887	-6.12539	-1.65251
-0.21887	-6.22305	-1.62809
-0.21646	-6.32070	-1.61833
-0.21646	-6.41836	-1.60368
-0.21404	-6.51602	-1.58903
-0.20920	-6.61367	-1.56950
-0.20678	-6.71133	-1.55973
-0.20437	-6.80898	-1.55973
-0.20195	-6.90664	-1.55485
-0.19711	-7.00430	-1.54997
-0.19711	-7.10195	-1.54997
-0.19711	-7.19961	-1.54997
-0.19228	-7.24844	-1.54997
-0.18986	-7.34609	-1.54020
-0.18744	-7.44375	-1.53044
-0.18502	-7.54141	-1.52555
-0.18261	-7.63906	-1.51091
-0.18019	-7.68789	-1.48649
-0.17777	-7.78555	-1.45720
-0.17535	-7.88320	-1.44255
-0.17535	-7.98086	-1.42790
-0.17535	-8.02969	-1.41325
-0.17052	-8.12734	-1.40348
-0.16810	-8.22500	-1.38395
-0.16568	-8.32266	-1.37419
-0.16326	-8.42031	-1.37419
-0.16326	-8.51797	-1.38395
-0.16084	-8.56680	-1.37907
-0.15601	-8.66445	-1.35954
-0.15117	-8.76211	-1.34001
-0.14875	-8.81094	-1.32536
-0.14634	-8.90859	-1.31071
-0.14150	-9.00625	-1.29118
-0.13908	-9.05508	-1.26677
-0.13425	-9.15273	-1.24235
-0.13425	-9.20156	-1.23747
-0.12941	-9.29922	-1.23259
-0.12699	-9.34805	-1.22770
-0.12457	-9.44570	-1.21305
-0.12216	-9.49453	-1.19841
-0.11974	-9.59219	-1.17887
-0.11490	-9.64102	-1.17399
-0.11490	-9.73867	-1.16423
-0.11248	-9.78750	-1.14958
-0.10765	-9.88516	-1.13493
-0.10281	-9.93398	-1.11052
-0.10039	-9.98281	-1.09587
-0.09798	-10.08047	-1.08610
-0.09556	-10.12930	-1.07634
-0.09314	-10.17813	-1.06169
-0.09072	-10.27578	-1.03239
-0.08589	-10.32461	-1.00798
-0.08347	-10.37344	-0.98845
-0.08347	-10.42227	-0.97868
-0.07863	-10.51992	-0.96403
-0.07621	-10.56875	-0.94450
-0.07380	-10.66641	-0.92009
-0.07138	-10.66641	-0.91032
-0.06896	-10.76406	-0.90544
-0.06896	-10.81289	-0.90055
-0.06412	-10.86172	-0.88102
-0.06171	-10.91055	-0.85661
-0.05929	-10.95938	-0.84196
-0.05687	-11.00820	-0.82731
-0.05687	-11.05703	-0.82731
-0.05445	-11.10586	-0.81755
-0.05445	-11.15469	-0.81266
-0.05203	-11.20352	-0.80290
-0.05203	-11.25234	-0.80290
-0.05203	-11.35000	-0.80778
-0.05203	-11.39883	-0.81266
-0.05203	-11.39883	-0.81266
-0.05203	-11.49648	-0.80778
-0.04962	-11.49648	-0.80290
-0.04478	-11.54531	-0.78825
-0.03994	-11.59414	-0.75895
-0.02786	-11.64297	-0.70036
-0.02060	-11.69180	-0.63200
-0.01577	-11.69180	-0.56852
-0.01577	-11.74063	-0.52946
-0.01335	-11.78945	-0.50993
-0.01093	-11.78945	-0.50016
-0.00851	-11.83828	-0.47575
-0.00609	-11.88711	-0.44645
-0.00368	-11.88711	-0.41716
-0.00126	-11.93594	-0.40251
-0.00126	-11.98477	-0.40251
-0.00126	-11.98477	-0.40739
0.00116	-11.98477	-0.39274
0.00358	-11.98477	-0.37321
0.00841	-12.08242	-0.34880
0.01083	-12.08242	-0.33415
0.01083	-12.08242	-0.32927
0.01083	-12.08242	-0.32438
0.01325	-12.13125	-0.30973
0.01567	-12.13125	-0.28044
0.01567	-12.13125	-0.25602
0.01809	-12.13125	-0.24137
0.01809	-12.18008	-0.23649
0.02050	-12.22891	-0.21696
0.02292	-12.22891	-0.18766
0.02534	-12.22891	-0.15837
0.02776	-12.22891	-0.13884
0.02776	-12.22891	-0.13395
0.02776	-12.22891	-0.12907
0.03018	-12.27773	-0.11442
0.03501	-12.27773	-0.09001
0.03743	-12.22891	-0.06559
0.03743	-12.27773	-0.05583
0.03501	-12.27773	-0.04606
0.03985	-12.27773	-0.03630
0.04468	-12.27773	-0.00212
0.05436	-12.27773	0.03206
0.06161	-12.27773	0.05648
0.06886	-12.27773	0.06624
0.07612	-12.22891	0.07601
0.08579	-12.22891	0.10042
0.09546	-12.22891	0.13460
0.10272	-12.22891	0.16878
0.10755	-12.22891	0.18343
0.11964	-12.22891	0.18831
0.13898	-12.22891	0.17855
0.16316	-12.22891	0.15902
0.18976	-12.18008	0.14925
0.20427	-12.18008	0.14925
0.21152	-12.18008	0.16878
0.20911	-12.13125	0.20784
0.20669	-12.13125	0.26155
0.19943	-12.13125	0.30550
0.19460	-12.08242	0.32991
0.19218	-12.03359	0.34945
0.19218	-12.03359	0.36898
0.19218	-12.03359	0.40316
0.18976	-11.98477	0.43734
0.18734	-11.93594	0.45687
0.18493	-11.93594	0.46663
0.18493	-11.93594	0.47640
0.18493	-11.88711	0.49593
0.18734	-11.83828	0.52034
0.18976	-11.83828	0.54476
0.19218	-11.78945	0.56429
0.19218	-11.78945	0.56917
0.19460	-11.74063	0.55941
0.19460	-11.69180	0.53987
0.19460	-11.64297	0.53987
0.19460	-11.64297	0.55941
0.19702	-11.54531	0.58870
0.19943	-11.54531	0.60335
0.19943	-11.49648	0.61800
0.20185	-11.44766	0.64730
0.20427	-11.39883	0.69124
0.20427	-11.35000	0.73519
0.20669	-11.35000	0.76448
0.20669	-11.30117	0.76448
0.20669	-11.25234	0.76937
0.20911	-11.20352	0.77913
0.20911	-11.15469	0.79866
0.21152	-11.10586	0.81331
0.21394	-11.05703	0.82308
0.21636	-11.00820	0.82308
0.21394	-10.95938	0.82308
0.21636	-10.91055	0.83284
0.21878	-10.86172	0.85237
0.21878	-10.81289	0.87679
0.22120	-10.71523	0.89144
0.22120	-10.66641	0.90120
0.22361	-10.61758	0.91585
0.22361	-10.56875	0.94027
0.22603	-10.47109	0.97445
0.22603	-10.42227	0.99886
0.22845	-10.37344	1.00863
0.22845	-10.32461	1.01351
0.23087	-10.22695	1.01839
0.23087	-10.17813	1.02816
0.23329	-10.08047	1.04280
0.23329	-10.03164	1.05745
0.23329	-9.98281	1.07210
0.23570	-9.93398	1.09163
0.23570	-9.83633	1.11116
0.23812	-9.78750	1.13070
0.23812	-9.73867	1.15511
0.24054	-9.64102	1.17952
0.24054	-9.54336	1.19905
0.24296	-9.49453	1.20882
0.24296	-9.39688	1.20882
0.24296	-9.34805	1.21370
0.24538	-9.29922	1.21859
0.24538	-9.20156	1.21370
0.24538	-9.10391	1.20882
0.24779	-9.05508	1.20882
0.24779	-8.95742	1.22835
0.25021	-8.90859	1.25277
0.25263	-8.81094	1.28206
0.25263	-8.71328	1.30159
0.25263	-8.66445	1.33089
0.25263	-8.56680	1.36019
0.25505	-8.46914	1.37972
0.25747	-8.42031	1.38948
0.25747	-8.32266	1.39925
0.25747	-8.22500	1.39925
0.25747	-8.12734	1.39925
0.25988	-8.07852	1.39925
0.26230	-7.98086	1.41390
0.26230	-7.88320	1.42855
0.26230	-7.78555	1.42855
0.26230	-7.68789	1.41878
0.26472	-7.59023	1.42366
0.26472	-7.54141	1.45784
0.26714	-7.44375	1.49202
0.26714	-7.34609	1.51155
0.26714	-7.24844	1.52132
0.26956	-7.19961	1.53109
0.26956	-7.10195	1.55550
0.27197	-7.00430	1.57503
0.27197	-6.90664	1.57503
0.27197	-6.80898	1.56527
0.27197	-6.71133	1.56038
0.27197	-6.61367	1.56038
0.27439	-6.51602	1.57015
0.27681	-6.41836	1.57503
0.27681	-6.32070	1.58480
0.27681	-6.22305	1.59456
0.27681	-6.12539	1.60433
0.27923	-6.02773	1.61409
0.27923	-5.93008	1.63363
0.28165	-5.83242	1.65316
0.28165	-5.73477	1.67269
0.28165	-5.63711	1.68245
0.28406	-5.53945	1.69222
0.28165	-5.44180	1.70687
0.28406	-5.34414	1.72640
0.28406	-5.19766	1.73616
0.28648	-5.10000	1.73128
0.28648	-5.00234	1.72152
0.28648	-4.90469	1.71663
0.28648	-4.80703	1.71175
0.28890	-4.66055	1.71175
0.28890	-4.56289	1.71663
0.28890	-4.46523	1.72640
0.28890	-4.36758	1.74105
0.29132	-4.26992	1.76546
0.29373	-4.12344	1.78988
0.29373	-4.02578	1.80941
0.29373	-3.92812	1.81917
0.29373	-3.83047	1.81429
0.29373	-3.68398	1.80452
0.29373	-3.63516	1.79964
0.29615	-3.48867	1.79964
0.29615	-3.39102	1.79476
0.29615	-3.24453	1.78499
0.29615	-3.14687	1.78011
0.29615	-3.04922	1.79476
0.29857	-2.95156	1.82405
0.29857	-2.80508	1.85335
0.30099	-2.70742	1.86800
0.30099	-2.60977	1.86800
0.30099	-2.46328	1.86800
0.30099	-2.36562	1.86312
0.30099	-2.26797	1.86312
0.30099	-2.12148	1.86312
0.30099	-2.02383	1.85823
0.30099	-1.92617	1.85335
0.30099	-1.82852	1.84359
0.30099	-1.68203	1.85335
0.30341	-1.58437	1.86312
0.30341	-1.48672	1.87777
0.30341	-1.34023	1.87777
0.30341	-1.19375	1.88265
0.30341	-1.14492	1.89241
0.30341	-0.99844	1.91195
0.30582	-0.90078	1.92659
0.30582	-0.75430	1.93148
0.30582	-0.65664	1.92171
0.30582	-0.55898	1.89730
0.30582	-0.41250	1.87777
0.30582	-0.31484	1.86312
0.30582	-0.16836	1.85823
0.30824	-0.11953	1.85335
0.30824	0.02695	1.84359
0.30824	0.12461	1.84847
0.30824	0.27109	1.86800
0.31066	0.36875	1.90218
0.31066	0.51523	1.94124
0.31066	0.61289	1.95101
0.31308	0.71055	1.94124
0.31308	0.80820	1.91683
0.31308	0.95469	1.90218
0.31308	1.05234	1.89241
0.31308	1.15000	1.88753
0.31308	1.29648	1.86800
0.31308	1.39414	1.85335
0.31308	1.49180	1.84847
0.31308	1.58945	1.85823
0.31550	1.73594	1.87288
0.31308	1.83359	1.88265
0.31550	1.93125	1.89730
0.31308	2.07773	1.90218
0.31308	2.17539	1.90218
0.31308	2.27305	1.90218
0.31308	2.41953	1.89730
0.31308	2.51719	1.88753
0.31308	2.61484	1.86312
0.31308	2.71250	1.84359
0.31066	2.85898	1.82894
0.31308	2.95664	1.82894
0.31066	3.05430	1.82894
0.31066	3.20078	1.81429
0.31066	3.29844	1.80452
0.31066	3.44492	1.79964
0.31066	3.54258	1.81429
0.31066	3.64023	1.82894
0.31066	3.73789	1.83382
0.31066	3.88438	1.83382
0.31066	3.98203	1.81917
0.31066	4.07969	1.80452
0.30824	4.17734	1.79964
0.30824	4.27500	1.79964
0.30824	4.42148	1.79476
0.30824	4.51914	1.78011
0.30582	4.61680	1.75570
0.30582	4.71445	1.74593
0.30582	4.86094	1.75570
0.30824	4.95859	1.76546
0.30582	5.05625	1.75570
0.30582	5.15391	1.73128
0.30341	5.30039	1.71663
0.30582	5.34922	1.72152
0.30582	5.44688	1.74105
0.30582	5.59336	1.74593
0.30341	5.69102	1.73128
0.30341	5.78867	1.70198
0.30099	5.88633	1.68245
0.30341	5.98398	1.67757
0.30341	6.08164	1.67757
0.30099	6.22813	1.66292
0.30099	6.32578	1.63851
0.30099	6.42344	1.61898
0.29857	6.52109	1.60921
0.29857	6.61875	1.61898
0.29857	6.71641	1.62874
0.29857	6.81406	1.63363
0.29857	6.91172	1.61898
0.29615	7.00938	1.60921
0.29615	7.10703	1.59945
0.29857	7.20469	1.59945
0.29615	7.30234	1.58480
0.29373	7.35117	1.55550
0.29373	7.49766	1.52132
0.29132	7.59531	1.49691
0.29132	7.69297	1.49202
0.29132	7.74180	1.49691
0.29132	7.83945	1.50179
0.29132	7.93711	1.50179
0.29132	8.03477	1.48714
0.28890	8.13242	1.47249
0.28890	8.23008	1.47249
0.29132	8.27891	1.48226
0.28890	8.37656	1.47738
0.28890	8.47422	1.45296
0.28648	8.57187	1.41878
0.28648	8.62070	1.39925
0.28648	8.71836	1.39437
0.28648	8.81602	1.38948
0.28406	8.91367	1.37484
0.28165	8.96250	1.34554
0.28165	9.06016	1.32113
0.28165	9.15781	1.31136
0.28165	9.20664	1.32113
0.28165	9.30430	1.31624
0.27923	9.35312	1.29183
0.27681	9.45078	1.25765
0.27681	9.49961	1.23812
0.27923	9.59727	1.24300
0.27681	9.64609	1.25277
0.27681	9.74375	1.24788
0.27439	9.84141	1.22835
0.27439	9.89023	1.20394
0.27197	9.93906	1.18441
0.27197	10.03672	1.17952
0.27197	10.13437	1.16976
0.27197	10.18320	1.14534
0.26956	10.23203	1.11116
0.26714	10.28086	1.09163
0.26714	10.37852	1.09163
0.26956	10.42734	1.09163
0.26714	10.47617	1.09163
0.26472	10.57383	1.08187
0.26472	10.62266	1.06234
0.26472	10.67148	1.05257
0.26472	10.76914	1.04280
0.26230	10.81797	1.02816
0.26230	10.86680	1.00374
0.25988	10.91562	0.96956
0.25988	11.01328	0.93050
0.25747	11.06211	0.91097
0.25747	11.11094	0.89632
0.25747	11.15977	0.88167
0.25505	11.20859	0.86214
0.25505	11.25742	0.85237
0.25263	11.30625	0.84261
0.25263	11.35508	0.84749
0.25263	11.40391	0.84749
0.25263	11.45273	0.84261
0.25021	11.50156	0.82796
0.25021	11.55039	0.79866
0.24779	11.59922	0.77425
0.24779	11.64805	0.75472
0.24779	11.69687	0.74007
0.24538	11.74570	0.71566
0.24296	11.74570	0.68636
0.24054	11.84336	0.65706
0.24054	11.89219	0.63753
0.24054	11.89219	0.63753
0.24054	11.94102	0.63265
0.23812	11.98984	0.62288
0.23570	12.03867	0.60823
0.23570	12.03867	0.59359
0.23570	12.08750	0.58870
0.23329	12.13633	0.58382
0.23329	12.13633	0.56429
0.23087	12.18516	0.53987
0.23087	12.18516	0.50570
0.22845	12.23398	0.48128
0.22845	12.28281	0.46175
0.22603	12.33164	0.43734
0.22603	12.33164	0.41292
0.22120	12.33164	0.38851
0.22120	12.38047	0.37386
0.21878	12.38047	0.36898
0.21878	12.42930	0.36409
0.21636	12.42930	0.35433
0.21394	12.47812	0.33968
0.21394	12.47812	0.32015
0.21152	12.47812	0.30062
0.21152	12.52695	0.28109
0.20911	12.52695	0.25667
0.20669	12.52695	0.23226
0.20185	12.52695	0.20784
0.20185	12.57578	0.18343
0.19943	12.57578	0.16878
0.19702	12.57578	0.16390
0.19460	12.57578	0.15902
0.19218	12.62461	0.14925
0.18976	12.62461	0.13948
0.18734	12.62461	0.12484
0.18251	12.62461	0.10530
0.18009	12.62461	0.09066
0.17767	12.62461	0.06136
0.17042	12.62461	0.03695
0.16316	12.62461	0.01253
0.15833	12.62461	-0.00212
0.15107	12.62461	-0.01188
0.14382	12.62461	-0.02653
0.13415	12.62461	-0.04606
0.11722	12.62461	-0.06071
0.09788	12.62461	-0.07536
0.07854	12.62461	-0.08024
0.05919	12.62461	-0.08512
0.03985	12.62461	-0.10954
0.02292	12.57578	-0.14372
0.01083	12.62461	-0.17302
0.00841	12.57578	-0.19743
0.00358	12.57578	-0.21208
0.00116	12.52695	-0.23649
-0.00126	12.52695	-0.27067
-0.00368	12.52695	-0.29997
-0.00368	12.47812	-0.32438
-0.00368	12.47812	-0.33415
-0.00126	12.42930	-0.33903
-0.00368	12.42930	-0.35856
-0.00368	12.42930	-0.37321
-0.00851	12.38047	-0.39274
-0.00851	12.38047	-0.40251
-0.01093	12.33164	-0.41716
-0.01093	12.33164	-0.43669
-0.01335	12.28281	-0.46110
-0.01818	12.28281	-0.49040
-0.01818	12.18516	-0.50993
-0.02060	12.18516	-0.51970
-0.02060	12.13633	-0.52458
-0.02302	12.13633	-0.54411
-0.02544	12.08750	-0.56364
-0.02786	12.08750	-0.58805
-0.03027	12.03867	-0.60759
-0.03027	11.98984	-0.61735
-0.03269	11.94102	-0.62712
-0.03511	11.89219	-0.64665
-0.03753	11.89219	-0.67106
-0.03994	11.79453	-0.69059
-0.04236	11.79453	-0.70036
-0.04478	11.74570	-0.70036
-0.04478	11.69687	-0.71501
-0.04478	11.64805	-0.72477
-0.04720	11.59922	-0.73942
-0.04720	11.55039	-0.74430
-0.04962	11.55039	-0.74430
-0.05203	11.45273	-0.74919
-0.05203	11.40391	-0.75407
-0.05203	11.35508	-0.76384
-0.05203	11.30625	-0.77360
-0.05445	11.30625	-0.78825
-0.05687	11.20859	-0.80290
-0.05929	11.20859	-0.82243
-0.06654	11.11094	-0.85661
-0.07138	11.06211	-0.90055
-0.07621	11.01328	-0.93962
-0.08105	10.96445	-0.96403
-0.08589	10.91562	-0.97380
-0.08830	10.81797	-0.98356
-0.09072	10.76914	-1.00798
-0.09314	10.72031	-1.02751
-0.09556	10.62266	-1.03727
-0.09556	10.57383	-1.04216
-0.09798	10.52500	-1.05192
-0.09798	10.47617	-1.07145
-0.10039	10.37852	-1.09587
-0.10523	10.32969	-1.12516
-0.10765	10.28086	-1.14958
-0.11248	10.23203	-1.16423
-0.11490	10.13437	-1.17399
-0.11732	10.08555	-1.18376
-0.11974	9.98789	-1.19841
-0.12457	9.93906	-1.20329
-0.12457	9.84141	-1.19841
-0.12457	9.79258	-1.19352
-0.12941	9.69492	-1.19352
-0.13183	9.64609	-1.21305
-0.13425	9.54844	-1.23747
-0.13908	9.45078	-1.26188
-0.13908	9.40195	-1.28630
-0.14150	9.30430	-1.30583
-0.14392	9.25547	-1.32536
-0.14634	9.15781	-1.34001
-0.14875	9.06016	-1.35466
-0.15117	9.01133	-1.35954
-0.15359	8.91367	-1.34977
-0.15601	8.86484	-1.34489
-0.15843	8.76719	-1.34489
-0.16326	8.66953	-1.36930
-0.16810	8.57187	-1.38884
-0.17052	8.47422	-1.40837
-0.17052	8.42539	-1.42302
-0.17052	8.32773	-1.43766
-0.17293	8.23008	-1.46208
-0.17535	8.13242	-1.49137
-0.17777	8.08359	-1.51091
-0.18019	7.93711	-1.52067
-0.18261	7.88828	-1.52067
-0.18502	7.79063	-1.53044
-0.18986	7.74180	-1.54509
-0.19228	7.59531	-1.53532
-0.19469	7.54648	-1.51579
-0.19711	7.44883	-1.49626
-0.19711	7.35117	-1.49137
-0.20195	7.25352	-1.51091
-0.20195	7.10703	-1.53532
-0.20678	7.00938	-1.56462
-0.20678	6.91172	-1.57927
-0.20678	6.86289	-1.60368
-0.20920	6.76523	-1.62809
-0.21162	6.61875	-1.65739
-0.21404	6.56992	-1.67692
-0.21404	6.47227	-1.67204
-0.21404	6.37461	-1.66227
-0.21646	6.27695	-1.65251
-0.21887	6.17930	-1.65739
-0.22371	6.03281	-1.66716
-0.22855	5.93516	-1.66716
-0.22855	5.83750	-1.66716
-0.23096	5.73984	-1.66716
-0.23338	5.59336	-1.67692
-0.23338	5.54453	-1.69645
-0.23580	5.44688	-1.71598
-0.23580	5.30039	-1.72087
-0.23580	5.20273	-1.73552
-0.23822	5.10508	-1.75016
-0.24064	5.00742	-1.76481
-0.24064	4.90977	-1.76970
-0.24305	4.76328	-1.76481
-0.24789	4.66563	-1.75505
-0.25031	4.56797	-1.74528
-0.25031	4.47031	-1.74528
-0.25273	4.37266	-1.75505
-0.25514	4.22617	-1.76970
-0.25514	4.12852	-1.78434
-0.25756	4.03086	-1.79899
-0.25756	3.93320	-1.80876
-0.25756	3.83555	-1.82341
-0.25998	3.68906	-1.83805
-0.26240	3.59141	-1.85270
-0.26240	3.49375	-1.84782
-0.26482	3.34727	-1.83317
-0.26482	3.24961	-1.81852
-0.26723	3.15195	-1.81852
-0.26723	3.05430	-1.81852
-0.26965	2.90781	-1.82341
-0.27207	2.81016	-1.81364
-0.27207	2.71250	-1.81364
-0.27449	2.61484	-1.82341
-0.27449	2.46836	-1.85270
-0.27691	2.37070	-1.87712
-0.27691	2.22422	-1.89177
-0.27691	2.12656	-1.90153
-0.27449	2.02891	-1.90153
-0.27449	1.93125	-1.90641
-0.27691	1.78477	-1.91130
-0.27932	1.68711	-1.90641
-0.27932	1.58945	-1.89177
-0.27932	1.49180	-1.87223
-0.28174	1.34531	-1.85759
-0.28174	1.24766	-1.85759
-0.28416	1.10117	-1.86247
-0.28658	1.00352	-1.87712
-0.28416	0.90586	-1.88200
-0.28416	0.75938	-1.88688
-0.28416	0.66172	-1.89665
-0.28174	0.56406	-1.91618
-0.28416	0.46641	-1.93571
-0.28416	0.36875	-1.94548
-0.28416	0.22227	-1.93083
-0.28416	0.12461	-1.91130
-0.28416	0.02695	-1.89177
-0.28416	-0.11953	-1.87712
-0.28658	-0.26602	-1.87712
-0.28658	-0.36367	-1.86735
-0.28658	-0.46133	-1.85759
-0.28416	-0.55898	-1.85270
-0.28416	-0.70547	-1.85759
-0.28658	-0.80312	-1.88200
-0.28900	-0.94961	-1.90153
-0.28658	-1.04727	-1.91130
-0.28416	-1.14492	-1.90641
-0.28174	-1.29141	-1.89665
-0.27932	-1.38906	-1.90153
-0.28174	-1.48672	-1.91618
-0.27932	-1.63320	-1.91618
-0.27932	-1.73086	-1.89177
-0.27932	-1.82852	-1.86247
-0.27932	-1.97500	-1.84294
-0.27932	-2.07266	-1.84294
-0.27932	-2.17031	-1.84782
-0.27932	-2.31680	-1.85270
-0.27932	-2.41445	-1.84782
-0.27691	-2.56094	-1.84294
-0.27207	-2.65859	-1.84782
-0.27207	-2.75625	-1.86735
-0.27449	-2.90273	-1.88200
-0.27207	-2.95156	-1.88688
-0.26965	-3.09805	-1.86735
-0.26723	-3.19570	-1.84294
-0.26723	-3.29336	-1.82829
-0.26723	-3.43984	-1.82829
-0.26723	-3.53750	-1.82341
-0.26482	-3.63516	-1.80387
-0.26240	-3.78164	-1.78923
-0.26240	-3.87930	-1.77946
-0.26240	-3.97695	-1.78923
-0.25998	-4.07461	-1.79899
-0.25756	-4.17227	-1.79411
-0.25514	-4.26992	-1.78923
-0.25273	-4.41641	-1.77946
-0.25031	-4.51406	-1.77946
-0.25031	-4.61172	-1.78923
-0.24789	-4.70937	-1.78923
-0.24547	-4.85586	-1.77458
-0.24305	-4.95352	-1.74040
-0.24064	-5.05117	-1.71598
-0.23822	-5.14883	-1.71110
-0.24064	-5.24648	-1.72087
-0.23822	-5.39297	-1.72087
-0.23580	-5.44180	-1.71110
-0.23338	-5.58828	-1.69645
-0.23096	-5.68594	-1.68669
-0.22855	-5.78359	-1.68669
-0.22855	-5.88125	-1.69157
-0.22613	-5.97891	-1.68669
-0.22129	-6.07656	-1.67204
-0.21887	-6.17422	-1.65251
-0.21646	-6.27187	-1.63786
-0.21404	-6.36953	-1.63786
-0.21404	-6.46719	-1.63298
-0.21162	-6.56484	-1.61833
-0.20920	-6.66250	-1.58415
-0.20437	-6.76016	-1.55973
-0.20437	-6.85781	-1.55485
-0.20195	-6.95547	-1.56462
-0.20195	-7.05312	-1.56462
-0.19953	-7.15078	-1.54997
-0.19469	-7.24844	-1.53044
-0.19228	-7.29727	-1.52067
-0.19228	-7.44375	-1.52067
-0.18986	-7.49258	-1.51091
-0.18502	-7.59023	-1.50114
-0.18261	-7.68789	-1.48161
-0.17777	-7.78555	-1.46696
-0.17777	-7.88320	-1.45720
-0.17535	-7.93203	-1.44743
-0.17293	-8.02969	-1.43766
-0.17052	-8.12734	-1.42790
-0.16810	-8.22500	-1.40837
-0.16568	-8.32266	-1.38884
-0.16326	-8.37148	-1.38395
-0.16084	-8.46914	-1.38395
-0.15843	-8.56680	-1.37907
