Damper Lab
Wed 16 Sep 2015 - 14/28/08
Sample Frequency (S/s): 1000.0
Sample Seconds: 2.00

Scale:	0.49520	10.00000	1.00000
Offset:	-0.41250	-1.36500	0.00700
Force:	Displacement:	Velocity:
0.24296	10.62266	1.04280
0.24296	10.67148	1.03792
0.24538	10.72031	1.02816
0.24538	10.81797	1.01839
0.24538	10.86680	1.00863
0.24538	10.91562	0.99398
0.24054	10.96445	0.96956
0.23812	11.01328	0.94027
0.23570	11.11094	0.92073
0.23570	11.15977	0.90609
0.23329	11.20859	0.88655
0.23329	11.25742	0.86702
0.23329	11.30625	0.85237
0.23329	11.35508	0.85237
0.23329	11.40391	0.85237
0.23329	11.45273	0.85237
0.23087	11.50156	0.83284
0.23087	11.55039	0.80843
0.23087	11.59922	0.78402
0.23087	11.64805	0.76448
0.22845	11.69687	0.74495
0.22845	11.69687	0.72542
0.22845	11.79453	0.70589
0.22845	11.79453	0.68636
0.22603	11.84336	0.66195
0.22603	11.89219	0.64241
0.22603	11.94102	0.62777
0.22603	11.98984	0.61312
0.22361	11.98984	0.59359
0.22361	12.03867	0.57894
0.22361	12.08750	0.56917
0.22603	12.13633	0.55452
0.22361	12.13633	0.53987
0.22120	12.18516	0.52034
0.22120	12.18516	0.50570
0.21878	12.23398	0.49105
0.21636	12.28281	0.47640
0.21636	12.28281	0.45687
0.21394	12.33164	0.43245
0.21394	12.38047	0.40804
0.21152	12.38047	0.38363
0.21152	12.42930	0.36898
0.21152	12.42930	0.35921
0.20911	12.42930	0.35433
0.20911	12.47812	0.34456
0.20669	12.47812	0.32015
0.20669	12.47812	0.30062
0.20669	12.52695	0.29085
0.20427	12.52695	0.28597
0.20185	12.52695	0.26155
0.20185	12.57578	0.23226
0.19943	12.57578	0.20296
0.19702	12.57578	0.19320
0.19702	12.62461	0.18343
0.19460	12.62461	0.16878
0.19218	12.62461	0.14437
0.18976	12.62461	0.11995
0.18734	12.62461	0.11019
0.18493	12.62461	0.10530
0.18251	12.62461	0.09554
0.17767	12.62461	0.07113
0.17284	12.62461	0.04183
0.16558	12.62461	0.01253
0.16075	12.62461	-0.00212
0.15591	12.62461	-0.00700
0.14866	12.62461	-0.01677
0.14140	12.62461	-0.03630
0.12689	12.62461	-0.06071
0.10997	12.62461	-0.07048
0.09304	12.62461	-0.07048
0.07128	12.62461	-0.07048
0.05436	12.62461	-0.08512
0.03743	12.62461	-0.10954
0.02534	12.62461	-0.14372
0.01809	12.62461	-0.17302
0.01567	12.57578	-0.19743
0.01083	12.57578	-0.21696
0.00841	12.52695	-0.23649
0.00600	12.52695	-0.26579
0.00358	12.52695	-0.29509
0.00116	12.47812	-0.31950
0.00116	12.47812	-0.32927
0.00358	12.47812	-0.33903
0.00116	12.42930	-0.35856
-0.00126	12.42930	-0.37809
-0.00368	12.42930	-0.40739
-0.00609	12.38047	-0.42692
-0.00851	12.33164	-0.43669
-0.01093	12.33164	-0.44645
-0.01335	12.28281	-0.46598
-0.01577	12.28281	-0.48552
-0.01577	12.23398	-0.50016
-0.01577	12.18516	-0.50993
-0.01818	12.13633	-0.51481
-0.02060	12.13633	-0.52458
-0.02302	12.13633	-0.54899
-0.02544	12.08750	-0.57829
-0.02786	12.03867	-0.59782
-0.03027	11.98984	-0.60759
-0.03027	11.94102	-0.61735
-0.03269	11.89219	-0.63200
-0.03511	11.84336	-0.65641
-0.03753	11.84336	-0.67595
-0.03994	11.79453	-0.69059
-0.03994	11.74570	-0.70036
-0.04236	11.69687	-0.71501
-0.04720	11.64805	-0.73454
-0.04962	11.59922	-0.75407
-0.04962	11.59922	-0.76384
-0.04962	11.55039	-0.76384
-0.05203	11.45273	-0.76872
-0.05203	11.40391	-0.77360
-0.05203	11.40391	-0.78337
-0.05445	11.35508	-0.79802
-0.05445	11.30625	-0.80290
-0.05687	11.20859	-0.81266
-0.06171	11.20859	-0.83708
-0.06896	11.15977	-0.87126
-0.07621	11.06211	-0.91520
-0.08105	11.06211	-0.94938
-0.08347	10.96445	-0.97380
-0.08589	10.91562	-0.98845
-0.08589	10.86680	-0.99821
-0.08830	10.81797	-1.01286
-0.09314	10.72031	-1.02751
-0.09556	10.67148	-1.04704
-0.09798	10.62266	-1.05680
-0.10039	10.57383	-1.05680
-0.10281	10.47617	-1.07145
-0.10765	10.37852	-1.10075
-0.10765	10.32969	-1.13005
-0.11248	10.28086	-1.13981
-0.11248	10.18320	-1.13981
-0.11490	10.13437	-1.14470
-0.11974	10.08555	-1.15446
-0.12216	9.98789	-1.17399
-0.12457	9.93906	-1.19352
-0.12699	9.84141	-1.20329
-0.12941	9.79258	-1.20817
-0.13183	9.69492	-1.21794
-0.13425	9.64609	-1.24235
-0.13908	9.54844	-1.26677
-0.14150	9.49961	-1.27653
-0.14150	9.40195	-1.28141
-0.14150	9.30430	-1.28141
-0.14392	9.25547	-1.29118
-0.14634	9.15781	-1.31559
-0.15117	9.06016	-1.34001
-0.15601	9.01133	-1.35466
-0.15843	8.96250	-1.35954
-0.16084	8.81602	-1.37419
-0.16326	8.76719	-1.39860
-0.16568	8.66953	-1.41813
-0.17052	8.57187	-1.42790
-0.17052	8.52305	-1.42302
-0.17293	8.42539	-1.41813
-0.17777	8.32773	-1.43278
-0.18019	8.23008	-1.45720
-0.18261	8.13242	-1.48161
-0.18502	8.08359	-1.49137
-0.18744	7.98594	-1.49137
-0.18986	7.88828	-1.49137
-0.19228	7.79063	-1.50114
-0.19469	7.69297	-1.51579
-0.19711	7.59531	-1.52555
-0.20195	7.49766	-1.53044
-0.20437	7.40000	-1.53044
-0.20678	7.35117	-1.54020
-0.20920	7.25352	-1.55973
-0.21162	7.15586	-1.58903
-0.21646	7.05820	-1.59880
-0.21887	6.96055	-1.60368
-0.21887	6.86289	-1.59880
-0.21887	6.76523	-1.60368
-0.22129	6.66758	-1.61833
-0.22613	6.52109	-1.63786
-0.22855	6.47227	-1.64274
-0.23096	6.37461	-1.64274
-0.23096	6.22813	-1.64274
-0.23338	6.13047	-1.65739
-0.23580	6.03281	-1.67692
-0.23822	5.93516	-1.69157
-0.23822	5.83750	-1.69645
-0.24064	5.73984	-1.69157
-0.23822	5.64219	-1.68669
-0.24064	5.54453	-1.69157
-0.24305	5.44688	-1.71110
-0.24789	5.30039	-1.73063
-0.24789	5.20273	-1.73552
-0.24789	5.10508	-1.73552
-0.24789	5.00742	-1.73552
-0.24789	4.90977	-1.74040
-0.25273	4.76328	-1.75993
-0.25514	4.66563	-1.76481
-0.25514	4.56797	-1.76481
-0.25514	4.47031	-1.75993
-0.25756	4.37266	-1.76481
-0.25998	4.22617	-1.76970
-0.26240	4.12852	-1.77458
-0.26240	4.03086	-1.77458
-0.26240	3.93320	-1.76970
-0.26482	3.78672	-1.76970
-0.26482	3.68906	-1.77458
-0.26723	3.59141	-1.79411
-0.26723	3.49375	-1.81364
-0.26723	3.34727	-1.82829
-0.26965	3.24961	-1.84294
-0.26965	3.15195	-1.84782
-0.27207	3.05430	-1.85759
-0.27207	2.90781	-1.86735
-0.27449	2.81016	-1.87223
-0.27691	2.71250	-1.87223
-0.27691	2.61484	-1.86735
-0.27691	2.51719	-1.85270
-0.27691	2.37070	-1.84294
-0.27932	2.27305	-1.83317
-0.28174	2.12656	-1.83317
-0.28174	2.02891	-1.83317
-0.28174	1.93125	-1.83317
-0.28174	1.78477	-1.83805
-0.28174	1.68711	-1.85759
-0.28416	1.58945	-1.88200
-0.28416	1.49180	-1.89665
-0.28174	1.34531	-1.89665
-0.28174	1.24766	-1.89177
-0.28174	1.15000	-1.89177
-0.28416	1.05234	-1.89665
-0.28658	0.95469	-1.89177
-0.28658	0.80820	-1.87712
-0.28658	0.71055	-1.85270
-0.28900	0.61289	-1.84294
-0.28900	0.46641	-1.84782
-0.28900	0.36875	-1.85759
-0.28900	0.22227	-1.86247
-0.28900	0.12461	-1.86735
-0.28658	0.02695	-1.87712
-0.28658	-0.07070	-1.88688
-0.28658	-0.21719	-1.90153
-0.28900	-0.31484	-1.91618
-0.28658	-0.41250	-1.91618
-0.28416	-0.55898	-1.91130
-0.28416	-0.65664	-1.90641
-0.28658	-0.80312	-1.90153
-0.28658	-0.90078	-1.89665
-0.28658	-0.99844	-1.88200
-0.28658	-1.09609	-1.86247
-0.28658	-1.24258	-1.83805
-0.28658	-1.34023	-1.83317
-0.28658	-1.48672	-1.84294
-0.28658	-1.58437	-1.86247
-0.28416	-1.68203	-1.87223
-0.28416	-1.82852	-1.87223
-0.28174	-1.92617	-1.87223
-0.28174	-2.02383	-1.87712
-0.27932	-2.17031	-1.88688
-0.27932	-2.26797	-1.88688
-0.27932	-2.36562	-1.87712
-0.27932	-2.51211	-1.85270
-0.27932	-2.60977	-1.83805
-0.27932	-2.70742	-1.82829
-0.27932	-2.85391	-1.82829
-0.27932	-2.95156	-1.81852
-0.27691	-3.04922	-1.81364
-0.27207	-3.14687	-1.80876
-0.27207	-3.24453	-1.81364
-0.27207	-3.39102	-1.82829
-0.26965	-3.48867	-1.84294
-0.26723	-3.58633	-1.84294
-0.26723	-3.73281	-1.83317
-0.26723	-3.83047	-1.81852
-0.26482	-3.92812	-1.80876
-0.26482	-4.02578	-1.79899
-0.26482	-4.12344	-1.78923
-0.26240	-4.22109	-1.77946
-0.25998	-4.36758	-1.76481
-0.25756	-4.46523	-1.75505
-0.25998	-4.56289	-1.75505
-0.25756	-4.70937	-1.75505
-0.25514	-4.80703	-1.75016
-0.25273	-4.90469	-1.74528
-0.25031	-5.00234	-1.74040
-0.24547	-5.10000	-1.73552
-0.24547	-5.19766	-1.73063
-0.24305	-5.29531	-1.71598
-0.24064	-5.39297	-1.70134
-0.23822	-5.49062	-1.68180
-0.23580	-5.63711	-1.66716
-0.23580	-5.73477	-1.66227
-0.23580	-5.83242	-1.65739
-0.23338	-5.93008	-1.65739
-0.23096	-6.02773	-1.65251
-0.22855	-6.12539	-1.65739
-0.22613	-6.27187	-1.65739
-0.22371	-6.36953	-1.65251
-0.22129	-6.41836	-1.64274
-0.21887	-6.51602	-1.62321
-0.21646	-6.61367	-1.60368
-0.21404	-6.71133	-1.58415
-0.21162	-6.80898	-1.56950
-0.21162	-6.90664	-1.56462
-0.20920	-7.00430	-1.54997
-0.20678	-7.10195	-1.54020
-0.20437	-7.19961	-1.53044
-0.20195	-7.29727	-1.53044
-0.19953	-7.39492	-1.53044
-0.19711	-7.44375	-1.53044
-0.19711	-7.54141	-1.51579
-0.19228	-7.63906	-1.49626
-0.18986	-7.73672	-1.47673
-0.18502	-7.83437	-1.46208
-0.18261	-7.93203	-1.45231
-0.18261	-7.98086	-1.43766
-0.18019	-8.07852	-1.41325
-0.17293	-8.17617	-1.38884
-0.17052	-8.27383	-1.37907
-0.17052	-8.37148	-1.37907
-0.16810	-8.42031	-1.37907
-0.16568	-8.51797	-1.36930
-0.16084	-8.61563	-1.35466
-0.15843	-8.66445	-1.34001
-0.15601	-8.76211	-1.33024
-0.15359	-8.85977	-1.32536
-0.15117	-8.90859	-1.31559
-0.14634	-9.00625	-1.29606
-0.14392	-9.10391	-1.27653
-0.13908	-9.15273	-1.26188
-0.13666	-9.25039	-1.25212
-0.13183	-9.29922	-1.23747
-0.12941	-9.39688	-1.21794
-0.12457	-9.44570	-1.19841
-0.12216	-9.54336	-1.18376
-0.11974	-9.59219	-1.17399
-0.11732	-9.68984	-1.16911
-0.11732	-9.73867	-1.16423
-0.11248	-9.83633	-1.14958
-0.11007	-9.88516	-1.12516
-0.10523	-9.93398	-1.10563
-0.10281	-10.03164	-1.08610
-0.10039	-10.08047	-1.07145
-0.09798	-10.12930	-1.04704
-0.09556	-10.22695	-1.02262
-0.09072	-10.27578	-1.00798
-0.08830	-10.32461	-1.00309
-0.08589	-10.37344	-0.99821
-0.08347	-10.47109	-0.98845
-0.07863	-10.51992	-0.96891
-0.07863	-10.56875	-0.95915
-0.07621	-10.66641	-0.94450
-0.07380	-10.71523	-0.92985
-0.06896	-10.76406	-0.91520
-0.06654	-10.81289	-0.89079
-0.06654	-10.86172	-0.86149
-0.06412	-10.91055	-0.84196
-0.06171	-11.00820	-0.82243
-0.05687	-11.00820	-0.81266
-0.05687	-11.05703	-0.80290
-0.05687	-11.10586	-0.79802
-0.05445	-11.15469	-0.79313
-0.05445	-11.20352	-0.78825
-0.05203	-11.25234	-0.79313
-0.05203	-11.30117	-0.80290
-0.05203	-11.35000	-0.80290
-0.05203	-11.39883	-0.79313
-0.04962	-11.44766	-0.78337
-0.04962	-11.49648	-0.76384
-0.04962	-11.54531	-0.75407
-0.04720	-11.59414	-0.72966
-0.03994	-11.59414	-0.68571
-0.03027	-11.64297	-0.62712
-0.02302	-11.74063	-0.57341
-0.01818	-11.74063	-0.53434
-0.01577	-11.78945	-0.51481
-0.01335	-11.78945	-0.50505
-0.01093	-11.83828	-0.49528
-0.00609	-11.88711	-0.47575
-0.00609	-11.88711	-0.46110
-0.00368	-11.88711	-0.44645
-0.00368	-11.93594	-0.43669
-0.00126	-11.93594	-0.42204
-0.00126	-11.98477	-0.39274
0.00116	-12.03359	-0.36345
0.00600	-12.03359	-0.33903
0.00841	-12.03359	-0.31462
0.01083	-12.08242	-0.29020
0.01325	-12.08242	-0.27067
0.01567	-12.13125	-0.25602
0.01567	-12.13125	-0.24626
0.01809	-12.13125	-0.25114
0.01809	-12.18008	-0.25602
0.01809	-12.18008	-0.25602
0.02050	-12.18008	-0.24137
0.02292	-12.18008	-0.21208
0.02534	-12.22891	-0.18278
0.02776	-12.22891	-0.15837
0.02776	-12.22891	-0.13884
0.02776	-12.22891	-0.10466
0.03018	-12.22891	-0.07536
0.03259	-12.22891	-0.05095
0.03501	-12.27773	-0.03630
0.03743	-12.27773	-0.02653
0.03985	-12.27773	-0.02165
0.04227	-12.27773	-0.01188
0.04710	-12.27773	0.00765
0.05436	-12.27773	0.02230
0.06161	-12.22891	0.03206
0.07128	-12.22891	0.03695
0.07854	-12.22891	0.05159
0.08821	-12.27773	0.08089
0.09788	-12.22891	0.11995
0.10272	-12.22891	0.14925
0.10755	-12.22891	0.16878
0.11722	-12.22891	0.17855
0.13657	-12.22891	0.18831
0.16075	-12.18008	0.17855
0.18734	-12.18008	0.17366
0.20427	-12.18008	0.16390
0.20911	-12.18008	0.18343
0.20669	-12.13125	0.23226
0.19943	-12.13125	0.28597
0.19218	-12.13125	0.32991
0.18734	-12.08242	0.34945
0.18251	-12.08242	0.35921
0.18251	-12.03359	0.37386
0.18493	-11.98477	0.40316
0.18493	-11.98477	0.42757
0.18493	-11.93594	0.43734
0.18251	-11.93594	0.44222
0.18251	-11.88711	0.44710
0.18251	-11.88711	0.46663
0.18251	-11.83828	0.50570
0.18493	-11.83828	0.54476
0.18493	-11.78945	0.56429
0.18251	-11.74063	0.56917
0.18493	-11.74063	0.56917
0.18493	-11.69180	0.56917
0.18493	-11.64297	0.57894
0.18493	-11.59414	0.58870
0.18734	-11.54531	0.60335
0.18734	-11.49648	0.62777
0.18976	-11.49648	0.66195
0.19218	-11.44766	0.69124
0.19218	-11.39883	0.72054
0.19460	-11.35000	0.73519
0.19460	-11.35000	0.74007
0.19218	-11.25234	0.74007
0.19218	-11.20352	0.73519
0.19460	-11.15469	0.74007
0.19460	-11.15469	0.75960
0.19702	-11.05703	0.79378
0.19702	-11.00820	0.81331
0.19943	-11.00820	0.83284
0.19943	-10.91055	0.85726
0.19943	-10.86172	0.88167
0.20185	-10.81289	0.90120
0.20185	-10.76406	0.91097
0.20185	-10.71523	0.91097
0.20185	-10.66641	0.91097
0.20185	-10.56875	0.92073
0.20427	-10.51992	0.94515
0.20427	-10.47109	0.97445
0.20669	-10.42227	1.00374
0.20427	-10.32461	1.02327
0.20669	-10.27578	1.04280
0.20669	-10.22695	1.05745
0.20911	-10.12930	1.07698
0.20911	-10.08047	1.09652
0.20911	-10.03164	1.10140
0.20911	-9.98281	1.10140
0.20911	-9.88516	1.09652
0.21152	-9.83633	1.11116
0.21152	-9.73867	1.13070
0.21152	-9.68984	1.15023
0.21152	-9.59219	1.15999
0.21394	-9.49453	1.15999
0.21394	-9.44570	1.17464
0.21394	-9.39688	1.19417
0.21394	-9.29922	1.21859
0.21394	-9.25039	1.23812
0.21636	-9.15273	1.24788
0.21636	-9.10391	1.25765
0.21636	-9.00625	1.26741
0.21878	-8.95742	1.28695
0.21878	-8.85977	1.29671
0.22120	-8.76211	1.30648
0.21878	-8.71328	1.30159
0.21878	-8.61563	1.30648
0.21878	-8.51797	1.31624
0.22120	-8.46914	1.34066
0.22120	-8.37148	1.36507
0.22120	-8.27383	1.38460
0.22120	-8.17617	1.39437
0.22120	-8.07852	1.39925
0.22361	-8.02969	1.41390
0.22603	-7.93203	1.43831
0.22361	-7.83437	1.45784
0.22361	-7.78555	1.46273
0.22361	-7.68789	1.44808
0.22603	-7.59023	1.45296
0.22603	-7.49258	1.47738
0.22603	-7.39492	1.50667
0.22845	-7.29727	1.51155
0.22845	-7.24844	1.50667
0.22603	-7.15078	1.50667
0.22845	-7.05312	1.52132
0.22845	-6.95547	1.54085
0.22845	-6.85781	1.56038
0.22845	-6.76016	1.56038
0.23087	-6.66250	1.55550
0.22845	-6.56484	1.55550
0.23087	-6.46719	1.57015
0.23329	-6.36953	1.59456
0.23329	-6.27187	1.60921
0.23329	-6.17422	1.60921
0.23329	-6.07656	1.60433
0.23329	-5.97891	1.61409
0.23329	-5.88125	1.64339
0.23570	-5.78359	1.67269
0.23329	-5.68594	1.69222
0.23329	-5.58828	1.68734
0.23329	-5.49062	1.68245
0.23570	-5.39297	1.68734
0.23570	-5.29531	1.70198
0.23812	-5.19766	1.70687
0.23570	-5.05117	1.69710
0.23812	-4.95352	1.68245
0.23570	-4.85586	1.68245
0.23812	-4.75820	1.70687
0.23812	-4.61172	1.73616
0.23812	-4.51406	1.77034
0.24054	-4.41641	1.78988
0.23812	-4.31875	1.79964
0.23812	-4.22109	1.79964
0.24054	-4.12344	1.79964
0.24054	-4.02578	1.78988
0.24296	-3.92812	1.77523
0.24054	-3.78164	1.76058
0.24054	-3.68398	1.75570
0.24054	-3.58633	1.76546
0.24296	-3.48867	1.78499
0.24296	-3.34219	1.81917
0.24296	-3.24453	1.84359
0.24296	-3.09805	1.84847
0.24296	-3.00039	1.85335
0.24538	-2.90273	1.86312
0.24538	-2.80508	1.87288
0.24538	-2.65859	1.86800
0.24538	-2.56094	1.84847
0.24296	-2.46328	1.81917
0.24538	-2.31680	1.81429
0.24538	-2.21914	1.81917
0.24538	-2.12148	1.83870
0.24538	-1.97500	1.85335
0.24538	-1.87734	1.86312
0.24538	-1.77969	1.87288
0.24538	-1.68203	1.89241
0.24779	-1.53555	1.91683
0.25021	-1.38906	1.93148
0.25021	-1.34023	1.92659
0.24779	-1.19375	1.90706
0.24779	-1.09609	1.87288
0.24779	-0.94961	1.85823
0.24779	-0.85195	1.85335
0.25021	-0.75430	1.85823
0.24779	-0.60781	1.86312
0.24779	-0.51016	1.87288
0.25021	-0.36367	1.87777
0.25021	-0.26602	1.89730
0.25021	-0.16836	1.92171
0.25263	-0.07070	1.93636
0.25263	0.07578	1.92659
0.25263	0.17344	1.90218
0.25263	0.27109	1.87777
0.25505	0.41758	1.86800
0.25505	0.56406	1.86312
0.25505	0.66172	1.85823
0.25505	0.75938	1.85823
0.25505	0.85703	1.87288
0.25505	1.00352	1.89730
0.25747	1.10117	1.92171
0.25747	1.19883	1.93636
0.25747	1.29648	1.93148
0.25747	1.39414	1.91195
0.25505	1.54063	1.88753
0.25747	1.68711	1.86800
0.25747	1.73594	1.86312
0.25747	1.88242	1.86312
0.25505	1.98008	1.84847
0.25505	2.12656	1.83382
0.25505	2.22422	1.83382
0.25747	2.32188	1.85335
0.25747	2.41953	1.87777
0.25747	2.56602	1.89241
0.25505	2.71250	1.88753
0.25505	2.76133	1.87777
0.25747	2.85898	1.86800
0.25988	3.00547	1.86312
0.25988	3.10313	1.84847
0.25988	3.20078	1.81917
0.25747	3.34727	1.79476
0.25988	3.44492	1.78499
0.25988	3.54258	1.79964
0.26230	3.68906	1.81917
0.25988	3.78672	1.83382
0.25747	3.93320	1.82894
0.25505	4.03086	1.82405
0.25505	4.12852	1.82894
0.25505	4.22617	1.82894
0.25505	4.32383	1.82894
0.25505	4.42148	1.80452
0.25263	4.56797	1.78011
0.25263	4.66563	1.75570
0.25505	4.76328	1.75570
0.25505	4.86094	1.76058
0.25505	5.00742	1.76058
0.25505	5.10508	1.74593
0.25263	5.20273	1.72152
0.25505	5.34922	1.71175
0.25263	5.44688	1.71663
0.25505	5.54453	1.73128
0.25263	5.64219	1.72640
0.25263	5.73984	1.70687
0.25263	5.83750	1.69222
0.25263	5.93516	1.69222
0.25505	6.08164	1.70198
0.25263	6.17930	1.70687
0.25263	6.27695	1.69222
0.25263	6.32578	1.66292
0.25263	6.42344	1.63851
0.25263	6.56992	1.62874
0.25263	6.66758	1.62386
0.25263	6.76523	1.61898
0.25021	6.86289	1.60433
0.25021	6.96055	1.58968
0.25021	7.05820	1.58480
0.25021	7.15586	1.58968
0.25021	7.25352	1.59945
0.25021	7.35117	1.60433
0.24779	7.44883	1.58480
0.24779	7.54648	1.56527
0.25021	7.64414	1.55550
0.25021	7.69297	1.55062
0.25021	7.79063	1.53597
0.24779	7.88828	1.50179
0.24779	7.98594	1.46761
0.24779	8.08359	1.44320
0.24779	8.18125	1.43831
0.24779	8.27891	1.44320
0.24538	8.37656	1.43831
0.24538	8.42539	1.42855
0.24538	8.52305	1.42366
0.24538	8.62070	1.42855
0.24538	8.71836	1.43343
0.24538	8.81602	1.43343
0.24538	8.86484	1.41390
0.24296	8.96250	1.37972
0.24296	9.01133	1.34554
0.24296	9.10898	1.33089
0.24538	9.15781	1.31624
0.24296	9.25547	1.30159
0.24296	9.35312	1.27718
0.24054	9.40195	1.25277
0.24296	9.49961	1.24300
0.24296	9.59727	1.24788
0.24296	9.64609	1.25277
0.24054	9.74375	1.24788
0.24054	9.79258	1.22347
0.23812	9.89023	1.20394
0.23812	9.93906	1.18929
0.24054	9.98789	1.18929
0.24054	10.08555	1.17464
0.23812	10.18320	1.15023
0.23812	10.23203	1.10628
0.23570	10.28086	1.08187
0.23812	10.37852	1.08187
0.23812	10.42734	1.09163
0.23812	10.47617	1.09652
0.23570	10.57383	1.07210
0.23329	10.62266	1.04769
0.23329	10.67148	1.03792
0.23570	10.76914	1.04280
0.23570	10.76914	1.04769
0.23570	10.86680	1.02816
0.23329	10.91562	0.98909
0.23087	11.01328	0.95491
0.23329	11.06211	0.93050
0.23329	11.11094	0.92073
0.23329	11.11094	0.91585
0.23087	11.20859	0.89632
0.22845	11.25742	0.86702
0.23087	11.30625	0.84261
0.23087	11.35508	0.83773
0.23087	11.40391	0.84261
0.23087	11.45273	0.83773
0.22845	11.50156	0.81331
0.22603	11.55039	0.78402
0.22603	11.59922	0.77425
0.22603	11.64805	0.77425
0.22603	11.69687	0.76937
0.22603	11.74570	0.74495
0.22603	11.74570	0.71077
0.22361	11.79453	0.68148
0.22361	11.84336	0.67171
0.22361	11.89219	0.66195
0.22361	11.94102	0.64730
0.22120	11.98984	0.62288
0.21878	11.98984	0.59847
0.21878	12.08750	0.57894
0.21878	12.08750	0.57405
0.22120	12.13633	0.56917
0.21878	12.18516	0.55452
0.21636	12.18516	0.52523
0.21394	12.23398	0.49105
0.21394	12.23398	0.47152
0.21636	12.28281	0.47152
0.21394	12.28281	0.46663
0.21152	12.33164	0.44222
0.21152	12.38047	0.40804
0.20911	12.38047	0.38363
0.20911	12.42930	0.37386
0.20669	12.42930	0.36898
0.20669	12.47812	0.35921
0.20669	12.47812	0.33480
0.20427	12.47812	0.31038
0.20185	12.52695	0.29085
0.20185	12.52695	0.28597
0.20185	12.57578	0.28109
0.20185	12.52695	0.26155
0.19702	12.57578	0.23714
0.19460	12.57578	0.21273
0.19218	12.62461	0.19320
0.19218	12.62461	0.18831
0.19218	12.62461	0.18343
0.18976	12.62461	0.15902
0.18493	12.62461	0.12484
0.18251	12.62461	0.10042
0.18009	12.67344	0.09066
0.17767	12.67344	0.08577
0.17525	12.62461	0.07113
0.16800	12.62461	0.04671
0.16316	12.67344	0.02230
0.15833	12.67344	0.01253
0.15349	12.67344	0.00277
0.14624	12.67344	-0.01188
0.13657	12.67344	-0.03141
0.12448	12.67344	-0.05583
0.10513	12.67344	-0.07536
0.08337	12.62461	-0.09001
0.06403	12.62461	-0.09489
0.04710	12.62461	-0.10466
0.03259	12.62461	-0.12419
0.02050	12.62461	-0.15837
0.01325	12.62461	-0.19255
0.00841	12.57578	-0.21208
0.00841	12.57578	-0.22673
0.00600	12.57578	-0.23649
0.00116	12.52695	-0.26579
-0.00126	12.52695	-0.29997
-0.00368	12.52695	-0.32927
-0.00126	12.47812	-0.33903
-0.00126	12.47812	-0.34391
-0.00126	12.42930	-0.35368
-0.00609	12.42930	-0.37809
-0.00851	12.42930	-0.40739
-0.00851	12.38047	-0.42204
-0.01093	12.33164	-0.43669
-0.01335	12.33164	-0.44157
-0.01577	12.33164	-0.46110
-0.01577	12.28281	-0.48063
-0.01818	12.23398	-0.49528
-0.02060	12.18516	-0.50505
-0.02060	12.18516	-0.50993
-0.02302	12.13633	-0.51970
-0.02544	12.13633	-0.54411
-0.02786	12.08750	-0.57341
-0.03269	12.03867	-0.60270
-0.03269	11.98984	-0.61735
-0.03511	11.94102	-0.62712
-0.03753	11.89219	-0.64177
-0.03994	11.89219	-0.66618
-0.04236	11.79453	-0.68571
-0.04236	11.79453	-0.70036
-0.04478	11.74570	-0.70524
-0.04478	11.69687	-0.71501
-0.04962	11.64805	-0.73454
-0.04962	11.64805	-0.75407
-0.05203	11.59922	-0.76384
-0.05445	11.50156	-0.76384
-0.05445	11.45273	-0.76384
-0.05445	11.40391	-0.76384
-0.05687	11.40391	-0.77360
-0.05687	11.35508	-0.78825
-0.05687	11.30625	-0.79802
-0.06171	11.25742	-0.80290
-0.06654	11.15977	-0.82731
-0.07138	11.15977	-0.86638
-0.07863	11.11094	-0.90544
-0.08347	11.01328	-0.93962
-0.08830	10.96445	-0.96403
-0.08830	10.91562	-0.97868
-0.09072	10.86680	-0.99333
-0.09314	10.76914	-1.01286
-0.09556	10.72031	-1.03239
-0.09798	10.67148	-1.04704
-0.10039	10.62266	-1.05192
-0.10039	10.52500	-1.05680
-0.10523	10.47617	-1.06657
-0.11007	10.42734	-1.09098
-0.11248	10.32969	-1.12516
-0.11490	10.28086	-1.13981
-0.11490	10.18320	-1.14470
-0.11974	10.13437	-1.14958
-0.11974	10.08555	-1.15934
-0.12457	10.03672	-1.17887
-0.12699	9.93906	-1.19352
-0.12941	9.84141	-1.20329
-0.13183	9.79258	-1.20817
-0.13425	9.69492	-1.21794
-0.13666	9.64609	-1.23747
-0.14150	9.54844	-1.26188
-0.14392	9.45078	-1.27165
-0.14392	9.40195	-1.28141
-0.14634	9.35312	-1.28141
-0.14875	9.25547	-1.28630
-0.15117	9.15781	-1.30583
-0.15601	9.10898	-1.32536
-0.15843	9.01133	-1.33512
-0.15843	8.96250	-1.34489
-0.16084	8.86484	-1.36442
-0.16568	8.76719	-1.38884
-0.17052	8.66953	-1.41325
-0.17293	8.57187	-1.42790
-0.17293	8.52305	-1.43278
-0.17535	8.42539	-1.43278
-0.17777	8.32773	-1.44255
-0.18261	8.27891	-1.45720
-0.18502	8.18125	-1.47184
-0.18744	8.08359	-1.47673
-0.18986	7.98594	-1.47673
-0.19228	7.88828	-1.48161
-0.19469	7.79063	-1.49137
-0.19953	7.69297	-1.51091
-0.20195	7.59531	-1.52555
-0.20437	7.54648	-1.52555
-0.20678	7.40000	-1.54020
-0.20920	7.35117	-1.55485
-0.21162	7.25352	-1.58415
-0.21404	7.15586	-1.60368
-0.21646	7.05820	-1.60856
-0.21887	6.96055	-1.60368
-0.21887	6.86289	-1.59880
-0.22129	6.76523	-1.59880
-0.22613	6.66758	-1.60368
-0.22855	6.56992	-1.61345
-0.23096	6.47227	-1.61833
-0.23096	6.37461	-1.62321
-0.23338	6.27695	-1.62809
-0.23580	6.17930	-1.64762
-0.23822	6.08164	-1.67204
-0.24064	5.98398	-1.69157
-0.24064	5.88633	-1.69157
-0.24064	5.73984	-1.68669
-0.24305	5.64219	-1.69645
-0.24547	5.54453	-1.71598
-0.24789	5.44688	-1.73063
-0.24789	5.34922	-1.72575
-0.24789	5.25156	-1.72087
-0.25031	5.15391	-1.71598
-0.25031	5.00742	-1.73063
-0.25273	4.90977	-1.75016
-0.25514	4.81211	-1.76481
-0.25756	4.71445	-1.77458
-0.25756	4.56797	-1.77458
-0.25998	4.47031	-1.77946
-0.25998	4.37266	-1.78923
-0.26240	4.27500	-1.79899
-0.26482	4.17734	-1.79899
-0.26723	4.03086	-1.77946
-0.26723	3.93320	-1.75993
-0.26723	3.83555	-1.75505
-0.26723	3.73789	-1.77458
-0.26965	3.59141	-1.79899
-0.27207	3.49375	-1.81852
-0.27449	3.39609	-1.82829
-0.27207	3.24961	-1.83805
-0.27691	3.15195	-1.86247
-0.27691	3.05430	-1.88688
-0.27932	2.95664	-1.90153
-0.27932	2.85898	-1.89177
-0.27932	2.71250	-1.87223
-0.28174	2.61484	-1.84294
-0.28416	2.51719	-1.83317
-0.28416	2.37070	-1.83317
-0.28658	2.27305	-1.83317
-0.28900	2.12656	-1.83317
-0.28658	2.02891	-1.82829
-0.28658	1.93125	-1.83317
-0.28658	1.83359	-1.85759
-0.28658	1.68711	-1.89665
-0.28900	1.58945	-1.92106
-0.28900	1.44297	-1.92595
-0.28900	1.39414	-1.92106
-0.28900	1.24766	-1.91618
-0.29141	1.15000	-1.91618
-0.29383	1.00352	-1.90641
-0.29383	0.90586	-1.88200
-0.29383	0.80820	-1.86247
-0.29141	0.71055	-1.84782
-0.29141	0.56406	-1.84782
-0.29383	0.46641	-1.85759
-0.29383	0.36875	-1.86735
-0.29383	0.27109	-1.87223
-0.29383	0.12461	-1.88200
-0.29383	-0.02187	-1.89665
-0.29383	-0.11953	-1.91618
-0.29383	-0.21719	-1.93571
-0.29383	-0.31484	-1.94059
-0.29383	-0.46133	-1.93083
-0.29141	-0.55898	-1.90641
-0.29141	-0.65664	-1.89177
-0.29141	-0.75430	-1.88200
-0.29141	-0.90078	-1.87712
-0.29383	-0.99844	-1.86247
-0.29141	-1.14492	-1.84782
-0.29141	-1.24258	-1.85270
-0.28900	-1.34023	-1.86735
-0.28900	-1.48672	-1.88688
-0.28900	-1.58437	-1.89665
-0.28900	-1.73086	-1.89177
-0.28658	-1.77969	-1.88688
-0.28416	-1.92617	-1.87712
-0.28416	-2.02383	-1.87223
-0.28658	-2.17031	-1.87223
-0.28658	-2.26797	-1.86735
-0.28658	-2.36562	-1.85759
-0.28416	-2.51211	-1.84294
-0.28174	-2.60977	-1.82341
-0.27932	-2.75625	-1.81364
-0.27932	-2.80508	-1.82341
-0.27932	-2.95156	-1.83317
-0.27691	-3.04922	-1.83317
-0.27449	-3.14687	-1.82341
-0.27207	-3.29336	-1.82341
-0.27207	-3.39102	-1.83317
-0.27207	-3.53750	-1.83805
-0.27207	-3.63516	-1.82341
-0.26965	-3.73281	-1.78923
-0.26723	-3.83047	-1.76970
-0.26482	-3.92812	-1.76970
-0.26723	-4.02578	-1.77946
-0.26482	-4.17227	-1.78923
-0.26240	-4.26992	-1.77946
-0.25998	-4.36758	-1.77458
-0.25756	-4.51406	-1.76481
-0.25756	-4.61172	-1.76970
-0.25756	-4.70937	-1.77458
-0.25514	-4.75820	-1.76481
-0.25273	-4.90469	-1.75016
-0.25031	-5.00234	-1.72575
-0.24789	-5.10000	-1.71110
-0.24789	-5.19766	-1.70622
-0.24789	-5.29531	-1.70622
-0.24305	-5.44180	-1.69645
-0.24305	-5.53945	-1.68180
-0.24064	-5.63711	-1.67692
-0.23822	-5.73477	-1.67692
-0.23580	-5.83242	-1.68669
-0.23338	-5.93008	-1.69157
-0.22855	-6.02773	-1.67692
-0.22855	-6.12539	-1.64762
-0.22613	-6.22305	-1.62321
-0.22371	-6.32070	-1.60856
-0.22129	-6.41836	-1.59880
-0.22129	-6.51602	-1.58903
-0.21887	-6.61367	-1.57438
-0.21646	-6.71133	-1.55973
-0.21404	-6.80898	-1.54997
-0.21162	-6.90664	-1.54997
-0.21162	-7.00430	-1.55973
-0.20920	-7.10195	-1.55973
-0.20678	-7.19961	-1.54997
-0.20195	-7.29727	-1.53532
-0.20195	-7.34609	-1.52067
-0.19953	-7.44375	-1.51579
-0.19953	-7.54141	-1.50602
-0.19469	-7.63906	-1.48649
-0.18986	-7.73672	-1.45720
-0.18744	-7.83437	-1.43766
-0.18744	-7.93203	-1.42790
-0.18502	-7.98086	-1.43278
-0.18019	-8.07852	-1.42790
-0.17777	-8.17617	-1.41813
-0.17535	-8.27383	-1.40348
-0.17293	-8.37148	-1.39372
-0.17052	-8.42031	-1.39372
-0.16810	-8.51797	-1.38884
-0.16326	-8.61563	-1.37419
-0.16084	-8.66445	-1.34977
-0.15601	-8.76211	-1.32048
-0.15359	-8.85977	-1.30095
-0.15117	-8.90859	-1.28630
-0.14875	-9.00625	-1.26677
-0.14392	-9.05508	-1.24723
-0.14150	-9.15273	-1.22770
-0.13666	-9.25039	-1.22282
-0.13666	-9.29922	-1.22282
-0.13425	-9.39688	-1.22282
-0.13183	-9.44570	-1.21794
-0.12699	-9.49453	-1.20817
-0.12457	-9.59219	-1.19352
-0.12216	-9.68984	-1.18376
-0.11974	-9.73867	-1.16911
-0.11490	-9.78750	-1.14470
-0.11007	-9.88516	-1.10563
-0.10765	-9.93398	-1.07145
-0.10523	-10.03164	-1.05192
-0.10281	-10.08047	-1.05192
-0.10039	-10.12930	-1.05680
-0.09798	-10.22695	-1.04704
-0.09556	-10.27578	-1.03239
-0.09072	-10.32461	-1.02262
-0.09072	-10.37344	-1.01774
-0.08830	-10.42227	-1.01286
-0.08589	-10.51992	-1.00798
-0.08347	-10.56875	-0.98356
-0.08105	-10.66641	-0.94938
-0.07621	-10.66641	-0.92009
-0.07380	-10.76406	-0.89567
-0.07380	-10.81289	-0.87614
-0.06896	-10.86172	-0.85661
-0.06654	-10.91055	-0.83220
-0.06412	-10.95938	-0.81755
-0.06171	-11.05703	-0.80778
-0.05929	-11.05703	-0.80778
-0.05929	-11.10586	-0.79802
-0.05929	-11.15469	-0.78825
-0.05687	-11.20352	-0.78337
-0.05445	-11.25234	-0.77848
-0.05687	-11.30117	-0.78337
-0.05445	-11.35000	-0.77848
-0.05445	-11.39883	-0.77360
-0.05445	-11.44766	-0.76384
-0.05445	-11.49648	-0.75895
-0.05203	-11.54531	-0.75895
-0.04962	-11.54531	-0.74919
-0.04236	-11.64297	-0.71501
-0.03269	-11.64297	-0.66618
-0.02544	-11.69180	-0.61247
-0.01818	-11.74063	-0.56852
-0.01818	-11.74063	-0.53434
-0.01577	-11.78945	-0.51481
-0.01335	-11.83828	-0.49528
-0.01093	-11.88711	-0.46110
-0.00851	-11.88711	-0.42692
-0.00609	-11.88711	-0.40739
-0.00609	-11.93594	-0.39762
-0.00609	-11.98477	-0.38786
-0.00368	-11.98477	-0.36833
-0.00126	-12.03359	-0.35368
0.00116	-12.03359	-0.34391
0.00358	-12.03359	-0.33903
0.00600	-12.08242	-0.32927
0.00841	-12.08242	-0.30973
0.01083	-12.08242	-0.29020
0.01083	-12.13125	-0.27067
0.01083	-12.13125	-0.26091
0.01325	-12.18008	-0.24626
0.01567	-12.13125	-0.22673
0.01809	-12.18008	-0.19743
0.02050	-12.18008	-0.15837
0.02292	-12.18008	-0.13395
0.02292	-12.22891	-0.11930
0.02292	-12.22891	-0.11442
0.02534	-12.22891	-0.10954
0.02776	-12.22891	-0.09977
0.03018	-12.22891	-0.09001
0.03259	-12.22891	-0.08024
0.03501	-12.22891	-0.07048
0.03743	-12.22891	-0.06071
0.03985	-12.22891	-0.03630
0.04468	-12.27773	-0.00212
0.04952	-12.22891	0.02230
0.05919	-12.22891	0.04671
0.06645	-12.22891	0.06136
0.07612	-12.22891	0.08577
0.08579	-12.22891	0.11507
0.09304	-12.22891	0.13948
0.10272	-12.22891	0.15902
0.10513	-12.22891	0.16878
0.11964	-12.22891	0.17855
0.13898	-12.18008	0.17366
0.16316	-12.18008	0.14925
0.18734	-12.18008	0.13948
0.20185	-12.18008	0.15413
0.20669	-12.13125	0.19320
0.20185	-12.13125	0.25179
0.19460	-12.08242	0.32015
0.18734	-12.08242	0.36898
0.18251	-12.08242	0.39827
0.18009	-12.03359	0.41780
0.18009	-11.98477	0.43245
0.18251	-11.98477	0.44222
0.18009	-11.98477	0.43734
0.18009	-11.93594	0.42757
0.17767	-11.93594	0.41780
0.17767	-11.88711	0.41780
0.17767	-11.88711	0.42757
0.17767	-11.83828	0.45198
0.17767	-11.78945	0.48616
0.18009	-11.78945	0.52034
0.18251	-11.74063	0.54964
0.18251	-11.69180	0.56917
0.18009	-11.69180	0.58382
0.18009	-11.64297	0.59847
0.18251	-11.59414	0.61800
0.18493	-11.54531	0.64241
0.18493	-11.54531	0.66195
0.18734	-11.49648	0.68148
0.18734	-11.39883	0.69612
0.18734	-11.39883	0.70589
0.18976	-11.35000	0.71566
0.18976	-11.30117	0.72054
0.18976	-11.25234	0.71566
0.18976	-11.20352	0.71566
0.18976	-11.15469	0.73519
0.19218	-11.10586	0.77425
0.19218	-11.05703	0.81331
0.19460	-11.00820	0.84749
0.19702	-10.95938	0.87191
0.19702	-10.91055	0.89144
0.19702	-10.86172	0.90120
0.19702	-10.81289	0.90609
0.19702	-10.76406	0.89144
0.19702	-10.71523	0.87679
0.19702	-10.66641	0.87679
0.19702	-10.56875	0.89144
0.19943	-10.51992	0.91585
0.19943	-10.47109	0.95491
0.20185	-10.37344	0.99398
0.20185	-10.32461	1.02327
0.20185	-10.27578	1.05257
0.20185	-10.22695	1.06722
0.20427	-10.12930	1.07698
0.20427	-10.08047	1.07698
0.20427	-10.03164	1.07698
0.20669	-9.98281	1.07210
0.20669	-9.88516	1.07698
0.20669	-9.78750	1.08675
0.20911	-9.73867	1.10628
0.20911	-9.68984	1.13070
0.20911	-9.59219	1.15511
0.20911	-9.49453	1.17464
0.20911	-9.44570	1.19417
0.20911	-9.39688	1.21370
0.21152	-9.29922	1.23323
0.21152	-9.25039	1.25765
0.21394	-9.15273	1.27718
0.21152	-9.10391	1.28206
0.21394	-9.00625	1.28206
0.21394	-8.90859	1.28695
0.21636	-8.85977	1.29671
0.21636	-8.76211	1.30159
0.21394	-8.71328	1.30159
0.21394	-8.61563	1.29671
0.21636	-8.51797	1.30648
0.21878	-8.42031	1.33089
0.21878	-8.37148	1.36507
0.21878	-8.27383	1.39437
0.21878	-8.17617	1.41390
0.21878	-8.07852	1.42366
0.22120	-8.02969	1.43343
0.22120	-7.93203	1.43831
0.22120	-7.83437	1.44320
0.22120	-7.73672	1.44320
0.22120	-7.68789	1.44320
0.22361	-7.59023	1.44808
0.22361	-7.49258	1.46273
0.22361	-7.39492	1.48714
0.22361	-7.29727	1.50667
0.22361	-7.19961	1.52132
0.22603	-7.10195	1.53109
0.22603	-7.05312	1.54085
0.22603	-6.95547	1.56038
0.22603	-6.80898	1.57015
0.22603	-6.76016	1.57503
0.22603	-6.66250	1.58480
0.22845	-6.56484	1.59456
0.22845	-6.46719	1.60433
0.22845	-6.36953	1.61409
0.22845	-6.27187	1.61898
0.22845	-6.17422	1.61898
0.22845	-6.07656	1.62386
0.23087	-5.93008	1.62874
0.23087	-5.88125	1.64827
0.23087	-5.78359	1.66292
0.23087	-5.68594	1.68245
0.23087	-5.53945	1.69222
0.23329	-5.49062	1.69710
0.23329	-5.34414	1.70198
0.23329	-5.24648	1.71175
0.23329	-5.14883	1.71175
0.23329	-5.05117	1.70687
0.23329	-4.95352	1.69222
0.23329	-4.85586	1.69222
0.23329	-4.70937	1.71175
0.23570	-4.61172	1.73616
0.23570	-4.51406	1.76058
0.23570	-4.41641	1.77523
0.23570	-4.26992	1.78499
0.23570	-4.17227	1.79964
0.23812	-4.07461	1.81429
0.23812	-3.97695	1.81917
0.23812	-3.87930	1.80941
0.23812	-3.78164	1.78988
0.23812	-3.63516	1.77034
0.23812	-3.53750	1.77523
0.24054	-3.43984	1.80452
0.24054	-3.34219	1.83382
0.24054	-3.19570	1.84847
0.24054	-3.09805	1.84847
0.24054	-2.95156	1.83870
0.24296	-2.90273	1.84847
0.24296	-2.75625	1.85823
0.24296	-2.65859	1.85335
0.24054	-2.51211	1.82894
0.24296	-2.41445	1.80941
0.24296	-2.31680	1.81429
0.24296	-2.21914	1.84359
0.24296	-2.07266	1.86800
0.24296	-1.97500	1.87288
0.24296	-1.87734	1.86800
0.24296	-1.73086	1.86312
0.24296	-1.63320	1.87288
0.24538	-1.48672	1.89241
0.24538	-1.38906	1.90218
0.24538	-1.29141	1.89241
0.24296	-1.14492	1.87288
0.24296	-1.04727	1.86312
0.24538	-0.90078	1.86800
0.24779	-0.80312	1.88753
0.24538	-0.70547	1.89241
0.24538	-0.60781	1.87288
0.24538	-0.46133	1.85335
0.24779	-0.36367	1.86312
0.24779	-0.21719	1.89730
0.24779	-0.11953	1.93148
0.24779	-0.02187	1.93148
0.24779	0.12461	1.91195
0.24779	0.22227	1.89241
0.25021	0.31992	1.90218
0.25263	0.41758	1.91683
0.25263	0.56406	1.91195
0.25263	0.66172	1.88753
0.25263	0.75938	1.85335
0.25263	0.90586	1.83382
0.25263	1.00352	1.83870
0.25505	1.10117	1.87288
0.25505	1.24766	1.90218
0.25263	1.34531	1.90706
0.25263	1.44297	1.89730
0.25263	1.58945	1.89730
0.25505	1.68711	1.90706
0.25747	1.78477	1.92171
0.25505	1.93125	1.90218
0.25263	2.02891	1.86800
0.25263	2.12656	1.83382
0.25505	2.22422	1.82405
0.25505	2.37070	1.83382
0.25505	2.46836	1.84847
0.25505	2.56602	1.86312
0.25505	2.71250	1.86800
0.25505	2.81016	1.87288
0.25263	2.90781	1.88265
0.25505	3.00547	1.88753
0.25505	3.15195	1.88265
0.25263	3.24961	1.86800
0.25263	3.34727	1.84359
0.25263	3.49375	1.82405
0.25263	3.59141	1.80941
0.25263	3.68906	1.80941
0.25263	3.78672	1.79964
0.25021	3.93320	1.78499
0.25021	4.03086	1.77034
0.25263	4.17734	1.77523
0.25263	4.27500	1.79476
0.25263	4.37266	1.80941
0.25263	4.47031	1.80941
0.25021	4.56797	1.79476
0.25021	4.71445	1.77523
0.25263	4.81211	1.76546
0.25263	4.90977	1.75570
0.25263	5.00742	1.75081
0.25021	5.15391	1.73616
0.25021	5.25156	1.71663
0.25021	5.34922	1.70198
0.25021	5.44688	1.69710
0.25021	5.54453	1.71175
0.25021	5.64219	1.73128
0.25021	5.73984	1.73616
0.25021	5.83750	1.73128
0.25021	5.98398	1.71663
0.25263	6.08164	1.70687
0.25021	6.17930	1.69222
0.25021	6.27695	1.66780
0.25021	6.37461	1.63851
0.24779	6.47227	1.61409
0.24779	6.56992	1.59945
0.24779	6.66758	1.58968
0.24779	6.76523	1.59456
0.24779	6.86289	1.60433
0.24779	6.96055	1.62386
0.24779	7.05820	1.63363
0.24779	7.15586	1.62386
0.24779	7.25352	1.59945
0.24779	7.35117	1.57015
0.24779	7.44883	1.54085
0.24538	7.54648	1.52132
0.24538	7.64414	1.50667
0.24538	7.69297	1.49691
0.24538	7.79063	1.49202
0.24538	7.93711	1.48714
0.24538	7.98594	1.48226
0.24538	8.08359	1.48226
0.24538	8.18125	1.47738
0.24538	8.27891	1.47249
0.24538	8.37656	1.45784
0.24538	8.47422	1.44320
0.24296	8.52305	1.42855
0.24538	8.62070	1.41878
0.24296	8.71836	1.40413
0.24538	8.81602	1.38460
0.24538	8.86484	1.36995
0.24296	8.96250	1.36019
0.24296	9.06016	1.35530
0.24296	9.15781	1.35042
0.24296	9.20664	1.33577
0.24296	9.25547	1.31624
0.24054	9.35312	1.29671
0.24054	9.45078	1.28695
0.24054	9.49961	1.28206
0.24296	9.59727	1.27718
0.24054	9.64609	1.26253
0.24054	9.74375	1.23812
0.23812	9.84141	1.20882
0.23812	9.89023	1.19417
0.24054	9.93906	1.18441
0.24054	10.03672	1.17952
0.23812	10.08555	1.15999
0.23812	10.18320	1.13070
0.23812	10.23203	1.11116
0.23812	10.28086	1.11116
0.23812	10.37852	1.12093
0.23812	10.47617	1.12093
0.23570	10.52500	1.10140
0.23570	10.57383	1.07698
0.23329	10.62266	1.05745
0.23329	10.67148	1.05257
0.23570	10.76914	1.04280
0.23329	10.81797	1.02816
0.23329	10.86680	1.00374
0.23329	10.91562	0.97933
0.23329	11.01328	0.95980
0.23329	11.06211	0.94027
0.23329	11.11094	0.92562
0.23087	11.15977	0.90609
0.22845	11.20859	0.88655
0.22845	11.25742	0.86702
0.23087	11.30625	0.86214
0.22845	11.35508	0.86214
0.22845	11.40391	0.85237
0.22845	11.50156	0.83284
0.22845	11.55039	0.80355
0.22845	11.55039	0.78402
0.22603	11.59922	0.77425
0.22603	11.69687	0.76448
0.22603	11.69687	0.74495
0.22361	11.74570	0.71566
0.22361	11.79453	0.69124
0.22120	11.84336	0.68148
0.22361	11.89219	0.67659
0.22361	11.94102	0.67659
0.22361	11.98984	0.66195
0.22120	11.98984	0.62777
0.21878	12.03867	0.58870
0.21636	12.08750	0.56917
0.21878	12.13633	0.56917
0.21878	12.13633	0.56917
0.21636	12.18516	0.54476
0.21394	12.18516	0.51058
0.21394	12.23398	0.47640
0.21394	12.28281	0.47152
0.21394	12.28281	0.47640
0.21394	12.33164	0.47152
0.21152	12.33164	0.44222
0.20911	12.38047	0.40804
0.20911	12.38047	0.38851
0.20911	12.42930	0.38363
0.20669	12.42930	0.38851
0.20669	12.47812	0.37386
0.20669	12.47812	0.34456
0.20185	12.47812	0.31527
0.20185	12.52695	0.29085
0.20185	12.52695	0.27620
0.20185	12.57578	0.26644
0.19943	12.57578	0.24202
0.19702	12.57578	0.21273
0.19460	12.57578	0.18343
0.19218	12.62461	0.17366
0.19218	12.62461	0.16878
0.18976	12.62461	0.15413
0.18734	12.62461	0.12972
0.18251	12.62461	0.10530
0.18009	12.67344	0.10042
0.17767	12.62461	0.10530
0.17767	12.62461	0.10530
0.17284	12.62461	0.08577
0.16800	12.67344	0.05159
0.16075	12.67344	0.02230
0.15833	12.62461	0.01253
0.15107	12.67344	0.00765
0.14382	12.62461	-0.01188
0.13173	12.67344	-0.04118
0.11481	12.67344	-0.07536
0.09546	12.62461	-0.09001
0.07612	12.62461	-0.08512
0.05919	12.62461	-0.08512
0.04227	12.62461	-0.10466
0.02776	12.62461	-0.13395
0.01567	12.62461	-0.16813
0.01083	12.62461	-0.18766
0.00841	12.57578	-0.20231
0.00841	12.57578	-0.21696
0.00358	12.52695	-0.25114
-0.00126	12.52695	-0.29020
-0.00126	12.52695	-0.31950
-0.00126	12.52695	-0.33415
-0.00126	12.47812	-0.33903
-0.00126	12.47812	-0.34880
-0.00368	12.42930	-0.37809
-0.00851	12.42930	-0.41227
-0.00851	12.38047	-0.42692
-0.01093	12.38047	-0.43180
-0.01335	12.33164	-0.42692
-0.01335	12.33164	-0.43669
-0.01577	12.28281	-0.46110
-0.01818	12.23398	-0.47575
-0.01818	12.23398	-0.48552
-0.02060	12.18516	-0.48552
-0.02302	12.13633	-0.50505
-0.02544	12.13633	-0.53434
-0.02544	12.08750	-0.57341
-0.03027	12.03867	-0.60270
-0.03269	12.03867	-0.62223
-0.03511	11.98984	-0.63200
-0.03511	11.94102	-0.64665
-0.03753	11.89219	-0.66130
-0.03994	11.84336	-0.67106
-0.04236	11.84336	-0.67595
-0.04478	11.79453	-0.68083
-0.04720	11.74570	-0.68571
-0.04720	11.69687	-0.70524
-0.04962	11.64805	-0.73454
-0.05203	11.59922	-0.75407
-0.05445	11.55039	-0.76872
-0.05445	11.50156	-0.77848
-0.05445	11.45273	-0.78825
-0.05445	11.40391	-0.79313
-0.05687	11.40391	-0.79802
-0.05687	11.35508	-0.79313
-0.05929	11.25742	-0.79313
-0.06412	11.20859	-0.80290
-0.06896	11.15977	-0.82731
-0.07621	11.11094	-0.87126
-0.08105	11.06211	-0.90544
-0.08347	11.01328	-0.92985
-0.08830	10.96445	-0.94450
-0.08830	10.86680	-0.96403
-0.09072	10.81797	-0.99333
-0.09314	10.76914	-1.01774
-0.09556	10.72031	-1.03727
-0.09798	10.62266	-1.04704
-0.10039	10.62266	-1.06169
-0.10281	10.52500	-1.08610
-0.10523	10.47617	-1.10563
-0.10765	10.37852	-1.11052
-0.11007	10.32969	-1.10563
-0.11490	10.28086	-1.11052
-0.11732	10.18320	-1.12028
-0.11974	10.13437	-1.13493
-0.12216	10.03672	-1.13981
-0.12457	9.98789	-1.14958
-0.12457	9.93906	-1.16423
-0.12699	9.84141	-1.17887
-0.12941	9.74375	-1.20817
-0.13425	9.69492	-1.23259
-0.13666	9.59727	-1.26188
-0.13908	9.54844	-1.27165
-0.13908	9.45078	-1.27165
-0.14392	9.40195	-1.27653
-0.14634	9.30430	-1.28630
-0.14875	9.25547	-1.30095
-0.15117	9.15781	-1.31071
-0.15359	9.06016	-1.31071
-0.15843	8.96250	-1.31559
-0.16084	8.91367	-1.33024
-0.16326	8.81602	-1.35466
-0.16568	8.71836	-1.38884
-0.16810	8.66953	-1.41325
-0.17293	8.57187	-1.42302
-0.17293	8.52305	-1.42790
-0.17535	8.42539	-1.43766
-0.17777	8.32773	-1.45720
-0.18019	8.23008	-1.47184
-0.18502	8.13242	-1.47673
-0.18986	8.08359	-1.47184
-0.18986	7.98594	-1.46208
-0.19469	7.88828	-1.46208
-0.19711	7.79063	-1.47184
-0.19953	7.69297	-1.49137
-0.20195	7.59531	-1.51091
-0.20437	7.49766	-1.52555
-0.20678	7.40000	-1.53532
-0.20920	7.30234	-1.54997
-0.21162	7.20469	-1.57927
-0.21404	7.15586	-1.60856
-0.21646	7.05820	-1.62809
-0.21887	6.96055	-1.62321
-0.22129	6.86289	-1.61345
-0.22371	6.76523	-1.61833
-0.22613	6.66758	-1.63298
-0.22855	6.56992	-1.64274
-0.23096	6.47227	-1.63786
-0.23338	6.37461	-1.62321
-0.23338	6.27695	-1.61833
-0.23580	6.13047	-1.62321
-0.23822	6.03281	-1.64274
-0.24064	5.93516	-1.66227
-0.24064	5.83750	-1.68669
-0.24064	5.73984	-1.69645
-0.24064	5.64219	-1.70622
-0.24305	5.49570	-1.72575
-0.24547	5.39805	-1.74528
-0.24789	5.34922	-1.75993
-0.25031	5.25156	-1.75505
-0.25031	5.10508	-1.74040
-0.25273	5.00742	-1.73552
-0.25756	4.90977	-1.74528
-0.25998	4.81211	-1.75993
-0.25998	4.66563	-1.76481
-0.25998	4.56797	-1.75016
-0.25998	4.47031	-1.75016
-0.26240	4.37266	-1.75993
-0.26482	4.27500	-1.77946
-0.26482	4.12852	-1.79411
-0.26482	4.03086	-1.79899
-0.26723	3.93320	-1.80387
-0.26723	3.78672	-1.80876
-0.26965	3.68906	-1.82341
-0.27207	3.59141	-1.83805
-0.27449	3.49375	-1.84782
-0.27449	3.34727	-1.84294
-0.27449	3.24961	-1.84294
-0.27691	3.15195	-1.84294
-0.27691	3.00547	-1.85270
-0.27932	2.90781	-1.85270
-0.27932	2.81016	-1.84294
-0.28174	2.71250	-1.83805
-0.27932	2.56602	-1.83805
-0.28174	2.46836	-1.84782
-0.28416	2.37070	-1.85759
-0.28416	2.22422	-1.85759
-0.28416	2.12656	-1.86247
-0.28658	2.02891	-1.86735
-0.28900	1.93125	-1.88200
-0.28658	1.78477	-1.88688
-0.28900	1.68711	-1.88688
-0.28900	1.58945	-1.88200
-0.28900	1.44297	-1.88200
-0.28900	1.34531	-1.87712
-0.28900	1.24766	-1.87223
-0.29141	1.15000	-1.87712
-0.29141	1.00352	-1.88200
-0.29141	0.85703	-1.88688
-0.29141	0.75938	-1.88200
-0.29141	0.66172	-1.88200
-0.29141	0.56406	-1.89177
-0.29383	0.41758	-1.90641
-0.29383	0.31992	-1.91130
-0.29383	0.22227	-1.89665
-0.29383	0.12461	-1.88200
-0.29383	-0.02187	-1.88688
-0.29625	-0.11953	-1.89665
-0.29625	-0.21719	-1.90641
-0.29383	-0.36367	-1.89665
-0.29383	-0.46133	-1.88688
-0.29383	-0.60781	-1.88200
-0.29141	-0.70547	-1.88688
-0.29141	-0.85195	-1.89177
-0.29141	-0.90078	-1.89177
-0.29141	-1.04727	-1.89177
-0.29141	-1.14492	-1.88200
-0.28900	-1.29141	-1.87712
-0.28900	-1.38906	-1.87223
-0.29141	-1.48672	-1.87712
-0.28900	-1.63320	-1.87712
-0.28900	-1.77969	-1.86247
-0.28900	-1.87734	-1.84782
-0.28658	-1.97500	-1.84294
-0.28658	-2.07266	-1.85270
-0.28658	-2.21914	-1.86735
-0.28416	-2.31680	-1.87223
-0.28174	-2.41445	-1.86247
-0.27932	-2.51211	-1.86247
-0.27932	-2.65859	-1.86247
-0.27932	-2.75625	-1.86735
-0.27932	-2.85391	-1.86735
-0.27932	-3.00039	-1.85759
-0.27691	-3.09805	-1.83805
-0.27449	-3.19570	-1.82341
-0.27449	-3.29336	-1.81852
-0.27691	-3.43984	-1.81852
-0.27449	-3.53750	-1.81852
-0.27207	-3.63516	-1.80387
-0.26723	-3.73281	-1.78923
-0.26723	-3.87930	-1.78434
-0.26482	-3.97695	-1.78923
-0.26482	-4.07461	-1.78923
-0.26240	-4.17227	-1.78434
-0.25998	-4.26992	-1.77458
-0.25998	-4.41641	-1.76970
-0.25756	-4.51406	-1.75993
-0.25756	-4.61172	-1.75016
-0.25514	-4.70937	-1.74040
-0.25514	-4.80703	-1.73552
-0.25273	-4.95352	-1.72575
-0.25031	-5.05117	-1.72087
-0.24789	-5.14883	-1.71598
-0.24547	-5.24648	-1.71110
-0.24547	-5.34414	-1.71110
-0.24305	-5.44180	-1.69157
-0.24064	-5.53945	-1.67692
-0.23822	-5.63711	-1.67204
-0.23338	-5.73477	-1.67692
-0.23338	-5.88125	-1.67692
-0.23096	-5.97891	-1.67204
-0.23096	-6.07656	-1.66227
-0.22855	-6.17422	-1.64762
-0.22613	-6.27187	-1.64274
-0.22613	-6.36953	-1.63298
-0.22371	-6.46719	-1.61345
-0.22129	-6.56484	-1.59880
-0.21646	-6.66250	-1.57927
-0.21404	-6.76016	-1.56462
-0.21162	-6.85781	-1.55973
-0.21162	-6.90664	-1.55973
-0.20920	-7.00430	-1.54997
-0.20678	-7.10195	-1.53532
-0.20437	-7.19961	-1.52067
-0.19953	-7.29727	-1.51091
-0.19953	-7.39492	-1.50602
-0.19711	-7.44375	-1.49626
-0.19469	-7.54141	-1.48161
-0.19228	-7.68789	-1.46696
-0.18744	-7.73672	-1.45231
-0.18744	-7.83437	-1.44255
-0.18502	-7.93203	-1.43766
-0.18019	-7.98086	-1.41813
-0.18019	-8.07852	-1.39372
-0.17535	-8.17617	-1.37419
-0.17052	-8.27383	-1.36930
-0.16810	-8.32266	-1.36930
-0.16568	-8.42031	-1.36930
-0.16326	-8.51797	-1.35954
-0.16084	-8.61563	-1.34489
-0.15843	-8.66445	-1.34001
-0.15601	-8.76211	-1.34001
-0.15359	-8.85977	-1.33512
-0.15117	-8.90859	-1.31559
-0.14875	-9.00625	-1.29118
-0.14392	-9.05508	-1.26188
-0.13908	-9.15273	-1.24723
-0.13666	-9.25039	-1.23747
-0.13666	-9.29922	-1.22770
-0.13425	-9.34805	-1.21305
-0.12941	-9.44570	-1.18864
-0.12457	-9.54336	-1.16911
-0.12216	-9.59219	-1.15446
-0.11974	-9.68984	-1.15446
-0.11732	-9.73867	-1.15446
-0.11490	-9.83633	-1.13493
-0.11007	-9.88516	-1.11052
-0.10765	-9.93398	-1.08610
-0.10523	-9.98281	-1.07634
-0.10281	-10.08047	-1.07634
-0.10039	-10.12930	-1.06657
-0.09798	-10.22695	-1.04216
-0.09556	-10.27578	-1.01286
-0.09314	-10.32461	-0.98845
-0.08830	-10.37344	-0.97380
-0.08589	-10.47109	-0.96403
-0.08347	-10.51992	-0.95427
-0.08105	-10.61758	-0.93962
-0.07863	-10.61758	-0.92497
-0.07380	-10.71523	-0.91520
-0.07380	-10.76406	-0.92009
-0.07138	-10.81289	-0.91520
-0.06896	-10.81289	-0.89567
-0.06654	-10.91055	-0.87126
-0.06412	-10.95938	-0.84684
-0.06171	-11.00820	-0.82731
-0.06171	-11.05703	-0.80778
-0.05929	-11.10586	-0.79802
-0.05687	-11.15469	-0.77848
-0.05445	-11.20352	-0.76872
-0.05445	-11.30117	-0.76384
-0.05687	-11.35000	-0.76384
-0.05445	-11.35000	-0.76872
-0.05203	-11.39883	-0.76872
-0.05445	-11.44766	-0.76384
-0.05445	-11.49648	-0.75895
-0.05445	-11.54531	-0.75407
-0.04962	-11.59414	-0.74919
-0.04236	-11.64297	-0.72477
-0.03511	-11.64297	-0.67106
-0.02544	-11.69180	-0.60270
-0.02060	-11.74063	-0.54411
-0.01577	-11.78945	-0.50993
-0.01577	-11.78945	-0.49040
-0.01577	-11.83828	-0.48063
-0.01093	-11.83828	-0.45622
-0.00851	-11.88711	-0.43669
-0.00609	-11.88711	-0.41716
-0.00609	-11.93594	-0.41716
-0.00609	-11.98477	-0.42204
-0.00368	-11.98477	-0.41227
-0.00126	-11.98477	-0.39274
0.00358	-12.03359	-0.36833
0.00600	-12.08242	-0.34391
0.00600	-12.08242	-0.32438
0.00600	-12.08242	-0.30973
0.01083	-12.13125	-0.28532
0.01083	-12.13125	-0.25602
0.01325	-12.13125	-0.23161
0.01325	-12.13125	-0.22673
0.01325	-12.18008	-0.22184
0.01567	-12.18008	-0.20720
0.02050	-12.18008	-0.17790
0.02292	-12.22891	-0.14860
0.02292	-12.22891	-0.13395
0.02292	-12.22891	-0.12907
0.02534	-12.22891	-0.12419
0.02776	-12.22891	-0.09977
0.03018	-12.22891	-0.07048
0.03259	-12.22891	-0.05095
0.03259	-12.22891	-0.04606
0.03501	-12.27773	-0.03630
0.03743	-12.22891	-0.01188
0.04227	-12.27773	0.01741
0.04952	-12.22891	0.03695
0.05919	-12.22891	0.04671
0.06886	-12.22891	0.05159
0.07612	-12.22891	0.06624
0.08579	-12.22891	0.09066
0.09304	-12.22891	0.11507
0.10030	-12.22891	0.13460
0.10513	-12.22891	0.14925
0.11722	-12.22891	0.15413
0.13657	-12.18008	0.14925
0.16075	-12.18008	0.14437
0.18493	-12.18008	0.14925
0.20185	-12.18008	0.16878
0.20669	-12.13125	0.20784
0.20185	-12.13125	0.26155
0.19460	-12.08242	0.32503
0.18734	-12.08242	0.37386
0.18251	-12.08242	0.40316
0.18009	-12.03359	0.41292
0.18009	-12.03359	0.41292
0.18009	-11.98477	0.42269
0.18009	-11.98477	0.43734
0.17767	-11.93594	0.44222
0.17767	-11.93594	0.44222
0.17525	-11.88711	0.43734
0.17767	-11.88711	0.44710
0.17767	-11.83828	0.47640
0.18009	-11.78945	0.53011
0.18009	-11.74063	0.56917
0.18009	-11.69180	0.58870
0.18009	-11.69180	0.58382
0.18009	-11.64297	0.57894
0.18009	-11.59414	0.58870
0.18251	-11.59414	0.60823
0.18493	-11.54531	0.63265
0.18493	-11.49648	0.64241
0.18734	-11.44766	0.65218
0.18734	-11.44766	0.66195
0.18734	-11.39883	0.69124
0.18976	-11.35000	0.71566
0.18976	-11.30117	0.72542
0.18976	-11.25234	0.72542
0.18976	-11.20352	0.72542
0.18976	-11.15469	0.74984
0.19218	-11.10586	0.78890
0.19218	-11.05703	0.82796
0.19460	-11.00820	0.85237
0.19460	-10.95938	0.87191
0.19702	-10.91055	0.88655
0.19702	-10.86172	0.90120
0.19702	-10.81289	0.91097
0.19702	-10.76406	0.92073
0.19702	-10.66641	0.92073
0.19943	-10.61758	0.91585
0.19943	-10.56875	0.92073
0.19943	-10.51992	0.94027
0.20185	-10.42227	0.97445
0.20185	-10.37344	1.00374
0.20185	-10.32461	1.02327
0.20185	-10.27578	1.03792
0.20185	-10.17813	1.05257
0.20427	-10.12930	1.06722
0.20669	-10.03164	1.08675
0.20669	-9.98281	1.09163
0.20669	-9.93398	1.08675
0.20427	-9.88516	1.07698
0.20669	-9.78750	1.08187
0.20911	-9.73867	1.10628
0.20911	-9.64102	1.13070
0.20911	-9.59219	1.15023
0.20911	-9.49453	1.16488
0.20911	-9.39688	1.18441
0.21152	-9.34805	1.21370
0.21152	-9.29922	1.24300
0.21152	-9.20156	1.26253
0.21152	-9.10391	1.26741
0.21152	-9.05508	1.26253
0.21394	-9.00625	1.26741
0.21394	-8.90859	1.28206
0.21636	-8.81094	1.30159
0.21394	-8.76211	1.31624
0.21636	-8.66445	1.31136
0.21636	-8.61563	1.30648
0.21636	-8.51797	1.31136
0.21636	-8.42031	1.33577
0.21878	-8.32266	1.36019
0.21878	-8.22500	1.37484
0.21636	-8.17617	1.38948
0.21878	-8.07852	1.40902
0.21878	-7.98086	1.43831
0.22120	-7.88320	1.45784
0.22120	-7.83437	1.46761
0.22120	-7.73672	1.46761
0.22120	-7.63906	1.45296
0.22120	-7.54141	1.44320
0.22361	-7.44375	1.44808
0.22361	-7.39492	1.46273
0.22361	-7.29727	1.48714
0.22361	-7.19961	1.49691
0.22361	-7.10195	1.50179
0.22603	-7.00430	1.51644
0.22603	-6.90664	1.54085
0.22603	-6.80898	1.56527
0.22603	-6.71133	1.57991
0.22603	-6.61367	1.57991
0.22603	-6.51602	1.57991
0.22845	-6.46719	1.59456
0.22845	-6.36953	1.61898
0.22845	-6.27187	1.64339
0.22845	-6.17422	1.65316
0.22845	-6.07656	1.64827
0.22845	-5.97891	1.64339
0.23087	-5.83242	1.64827
0.23087	-5.73477	1.65804
0.23329	-5.63711	1.66292
0.23087	-5.53945	1.66292
0.23087	-5.44180	1.65316
0.23087	-5.34414	1.66292
0.23329	-5.19766	1.68734
0.23329	-5.14883	1.72152
0.23329	-5.05117	1.74105
0.23329	-4.95352	1.74593
0.23329	-4.80703	1.74105
0.23570	-4.70937	1.74105
0.23570	-4.61172	1.74105
0.23570	-4.51406	1.74105
0.23570	-4.36758	1.74105
0.23570	-4.26992	1.73616
0.23812	-4.17227	1.74105
0.23812	-4.07461	1.76058
0.23812	-3.97695	1.78499
0.23812	-3.83047	1.80452
0.23812	-3.73281	1.81917
0.23812	-3.63516	1.81917
0.23812	-3.53750	1.82405
0.23812	-3.39102	1.83382
0.24054	-3.29336	1.83382
0.24054	-3.19570	1.82894
0.24054	-3.09805	1.82894
0.24054	-3.00039	1.82894
0.24054	-2.85391	1.83870
0.24296	-2.70742	1.84847
0.24296	-2.65859	1.85335
0.24296	-2.51211	1.85823
0.24296	-2.41445	1.86312
0.24296	-2.26797	1.85823
0.24296	-2.17031	1.85823
0.24296	-2.07266	1.86800
0.24296	-1.97500	1.87288
0.24296	-1.87734	1.87288
0.24296	-1.73086	1.86312
0.24538	-1.63320	1.86312
0.24538	-1.48672	1.87288
0.24538	-1.38906	1.88265
0.24538	-1.29141	1.87777
0.24296	-1.14492	1.86800
0.24538	-1.04727	1.85823
0.24538	-0.90078	1.86312
0.24538	-0.80312	1.86800
0.24538	-0.70547	1.87777
0.24538	-0.55898	1.88265
0.24538	-0.46133	1.88265
0.24538	-0.36367	1.89241
0.24779	-0.21719	1.90706
0.24779	-0.11953	1.91195
0.25021	0.02695	1.91195
0.24779	0.12461	1.89730
0.24779	0.22227	1.88753
0.25021	0.31992	1.89241
0.25021	0.46641	1.90218
0.25263	0.61289	1.91195
0.25263	0.71055	1.91195
0.25021	0.80820	1.89730
0.25263	0.90586	1.88753
0.25505	1.00352	1.89730
0.25505	1.15000	1.90218
0.25263	1.24766	1.90218
0.25263	1.34531	1.88753
0.25263	1.49180	1.87288
0.25505	1.58945	1.86312
0.25505	1.68711	1.86800
0.25263	1.78477	1.87288
0.25263	1.93125	1.86800
0.25263	2.02891	1.85823
0.25263	2.12656	1.85335
0.25505	2.27305	1.86312
0.25263	2.37070	1.87777
0.25505	2.51719	1.88753
0.25505	2.61484	1.88753
0.25263	2.71250	1.87777
0.25263	2.85898	1.86312
0.25263	2.95664	1.85823
0.25263	3.05430	1.85335
0.25263	3.15195	1.84847
0.25263	3.24961	1.82894
0.25021	3.39609	1.80452
0.25021	3.49375	1.79476
0.25263	3.59141	1.80452
0.25263	3.73789	1.82405
0.25263	3.83555	1.83382
0.25263	3.93320	1.82405
0.25021	4.07969	1.80941
0.25263	4.12852	1.79964
0.25263	4.27500	1.80452
0.25263	4.37266	1.80452
0.25263	4.47031	1.78499
0.25021	4.61680	1.76058
0.25263	4.71445	1.75081
0.25263	4.81211	1.75570
0.25263	4.95859	1.76058
0.25021	5.05625	1.75570
0.25021	5.15391	1.73616
0.25021	5.25156	1.71663
0.25021	5.34922	1.71175
0.25021	5.44688	1.71663
0.25021	5.54453	1.72152
0.25021	5.64219	1.72152
0.25021	5.78867	1.71663
0.25021	5.83750	1.70198
0.25021	5.98398	1.69222
0.25021	6.08164	1.68734
0.25021	6.17930	1.67757
0.24779	6.27695	1.65316
0.24779	6.37461	1.62874
0.24779	6.52109	1.60921
0.25021	6.56992	1.60433
0.25021	6.66758	1.60921
0.24779	6.81406	1.60921
0.24779	6.91172	1.60921
0.24779	7.00938	1.60921
0.24779	7.05820	1.60921
0.24779	7.15586	1.60921
0.24779	7.25352	1.60433
0.24779	7.35117	1.58480
0.24779	7.44883	1.56038
0.24538	7.54648	1.53109
0.24538	7.64414	1.50179
0.24538	7.74180	1.48714
0.24779	7.83945	1.48226
0.24538	7.93711	1.47738
0.24538	8.03477	1.46761
0.24538	8.08359	1.45784
0.24538	8.18125	1.46761
